=====================================
190-194-981-603-792-710-689-334-373-360-843-695-079-080-364-377-142-444-655-370-996-198-411-455-523-545-723-189-305-169-294-658-006-702-414-206-598-602-920-181-397-705-928-797-077-788-984-354-709-938-391-038-288-772-197-579-333-251-511-686-049-426-750-255-951-306-448-960-749-003-198-155-682-911-238-979-048-901-869-507-259-004-359-035-256-506-803-681-159-419-726-533-942-731-196-117-510-003-209-044-663-878-382-585-371-666-291-758-090-713-785-100-825-837-276-506-421-633-349-110-079-903-645-840-297-154-655-519-372-049-913-367-643-140-627-355-270-878-545-452-455-598-870-971-488-409-147-570-639-675-733-454-611-028-428-871-786-979-405-071-116-975-255-286-584-122-427-672-818-147-719-123-140-575-558-312-272-973-320-621-599-198-796-557-915-408-844-868-472-257-274-255-370-064-655-328-351-183-638-850-725-350-329-965-476-887-046-616-006-034-326-737-258-263-880-348-176-732-766-432-446-897-147-124-806-615-828-096-157-637-158-055-732-036-757-698-392-991-227-159-343-643-289-877-452-090-783-343-037-019-038-284-443-390-979-351-390-580-391-850-568-874-508-355-482-134-194-306-780-100-378-632-211-446-108-271-207-103-621-334-082-216-170-925-189-081-463-318-611-566-524-119-554-363-882-561-376-920-657-702-928-228-106-959-474-468-782-140-666-641-644-520-482-936-180-445-569-912-552-207-332-704-501-631-655-816-428-721-481-973-661-947-445-283-205-709-519-799-346-122-056-468-878-865-217-471-399-574-192-099-602-262-418-771-150-092-643-674-177-621-828-984-950-746-773-083-560-169-277-394-585-783-414-524-538-811-408-656-172-617-896-194-636-242-256-800-141-166-362-273-428-692-863-826-704-602-356-929-362
total 399 nodes
=====================================
003 003 004 006 006 019 028 034 035 036 037 038 038 044 046 048 049 049 055 056 064 071 077 079 079 080 081 082 083 090 090 092 096 099 100 100 103 106 108 110 116 117 119 122 122 123 124 134 140 140 140 141 142 147 147 147 150 154 155 157 158 159 159 166 169 169 170 172 176 177 180 181 183 189 189 190 192 194 194 194 196 197 198 198 198 205 206 207 207 209 211 216 217 227 228 238 242 251 255 255 255 256 256 257 258 259 262 263 270 271 272 273 274 276 277 283 284 286 288 289 291 294 297 305 306 306 312 318 320 326 328 329 332 333 334 334 343 343 346 348 349 350 351 351 354 355 355 356 359 360 362 362 363 364 367 370 370 371 372 373 376 377 378 382 390 390 391 391 392 394 397 399 405 408 408 409 411 414 414 418 419 421 426 427 428 428 428 432 443 444 445 445 446 446 448 452 452 454 455 455 463 468 468 471 472 474 476 481 482 482 488 501 506 506 507 508 510 511 519 519 520 523 524 524 533 538 545 545 552 554 557 558 560 561 566 568 569 570 574 575 579 580 584 585 585 598 598 599 602 602 602 603 611 611 615 616 617 621 621 621 627 631 632 633 636 637 638 639 641 643 643 643 644 645 655 655 655 655 656 657 658 661 663 666 666 672 674 675 681 682 686 689 692 695 698 702 702 704 704 705 709 709 710 713 719 721 723 725 726 731 732 732 733 737 746 749 750 757 758 766 771 772 773 780 782 783 783 785 786 788 792 796 797 799 800 803 806 811 816 818 825 826 828 828 837 840 843 844 850 850 863 865 868 869 870 871 874 877 878 878 878 880 882 887 896 897 901 903 911 912 913 915 920 920 925 928 928 929 936 938 942 947 950 951 959 960 965 971 973 973 975 979 979 979 981 984 984 991 996 
total 399 nodes (sorted)
=====================================
            996
                    991
                984
                    984
        981
                                            979
                                                    979
                                                            979
                                                        975
                                                            973
                                                                973
                                                971
                                                    965
                                        960
                                            959
                                    951
                                                950
                                            947
                                        942
                                938
                                    936
                                        929
                            928
                                    928
                                925
                        920
                                        920
                                    915
                                913
                                    912
                            911
                                    903
                                901
                                                897
                                                    896
                                            887
                                                    882
                                                880
                                        878
                                            878
                                                            878
                                                        877
                                                            874
                                                    871
                                                870
                                    869
                                            868
                                                    865
                                                        863
                                                850
                                                    850
                                        844
                    843
                                        840
                                    837
                                        828
                                            828
                                                826
                                825
                                    818
                                            816
                                                811
                                        806
                            803
                                    800
                                799
                        797
                            796
                792
                            788
                                        786
                                    785
                                        783
                                                    783
                                                782
                                            780
                                                773
                                772
                                                771
                                            766
                                        758
                                            757
                                    750
                                        749
                                                            746
                                                        737
                                                    733
                                                        732
                                                            732
                                                731
                                            726
                                                725
                        723
                                    721
                                719
                            713
                    710
                                        709
                                            709
                                    705
                                        704
                                            704
                                702
                                        702
                                    698
                            695
                                692
                        689
                                    686
                                        682
                                            681
                                                        675
                                                                674
                                                            672
                                                    666
                                                        666
                                                663
                                                    661
                                658
                                    657
                                        656
                            655
                                        655
                                            655
                                                655
                                    645
                                            644
                                        643
                                                643
                                                        643
                                                    641
                                            639
                                                638
                                                    637
                                                        636
                                633
                                        632
                                            631
                                    627
                                            621
                                                    621
                                                        621
                                                            617
                                                616
                                                    615
                                        611
                                            611
            603
                                                602
                                                        602
                                                            602
                                                    599
                                            598
                                                        598
                                                    585
                                                            585
                                                        584
                                                            580
                                                579
                                                        575
                                                            574
                                                    570
                                                                569
                                                            568
                                                                566
                                                                    561
                                                                        560
                                                        558
                                                            557
                                                                554
                                                                    552
                                        545
                                                545
                                                    538
                                            533
                                                524
                                                    524
                                    523
                                                520
                                            519
                                                519
                                        511
                                                510
                                                    508
                                            507
                                                506
                                                    506
                                                            501
                                                        488
                                                                    482
                                                                        482
                                                                            481
                                                                476
                                                                    474
                                                            472
                                                                        471
                                                                    468
                                                                        468
                                                                463
                                455
                                            455
                                                454
                                        452
                                            452
                                    448
                                        446
                                            446
                                                445
                                                    445
                            444
                                                    443
                                                432
                                            428
                                                    428
                                                        428
                                                427
                                        426
                                                421
                                            419
                                                418
                                    414
                                        414
                                411
                                        409
                                                408
                                                    408
                                            405
                                                399
                                    397
                                                394
                                            392
                                        391
                                                    391
                                                390
                                                    390
                                            382
                                                378
                        377
                            376
                    373
                                        372
                                    371
                                370
                                        370
                                    367
                            364
                                363
                                    362
                                        362
                        360
                                359
                                        356
                                    355
                                        355
                            354
                                    351
                                            351
                                        350
                                349
                                    348
                                            346
                                        343
                                            343
                334
                                334
                            333
                                                    332
                                                329
                                            328
                                                326
                                        320
                                            318
                                    312
                                306
                                    306
                        305
                                297
                            294
                                        291
                                            289
                                    288
                                                        286
                                                            284
                                                                283
                                                                    277
                                                    276
                                                                274
                                                                    273
                                                            272
                                                                271
                                                        270
                                                            263
                                                                262
                                                259
                                                            258
                                                        257
                                                    256
                                                        256
                                            255
                                                255
                                                    255
                                        251
                                                242
                                            238
                                                        228
                                                    227
                                                                217
                                                            216
                                                        211
                                                209
                                                    207
                                                        207
                                206
                                    205
                    198
                            198
                                198
                        197
                            196
    194
        194
                194
            192
190
                189
                                189
                            183
                        181
                                180
                                    177
                            176
                                    172
                                170
                    169
                                169
                                    166
                            159
                                        159
                                    158
                                157
                        155
                            154
                                    150
                                147
                                    147
                                        147
            142
                        141
                    140
                                140
                                            140
                                        134
                                    124
                            123
                        122
                                122
                            119
                117
                                116
                            110
                                108
                                        106
                                    103
                        100
                                100
                                    099
                            096
                                092
                    090
                        090
                                083
                            082
                                081
        080
    079
                079
            077
                        071
                            064
                                    056
                                055
                    049
                            049
                        048
                                046
                            044
                038
                                038
                            037
                        036
                    035
                            034
                        028
                            019
        006
                    006
                004
            003
                003
BST height 20
=====================================
190/194/981/996
               +984/991
                   +984
           +603/792/843/920/928/938/951/960/979
                                               +971/979
                                                       +975/979
                                                           +973
                                                               +973
                                                   +965
                                           +959
                                       +942/947/950
                                   +936
                                       +929
                               +925/928
                           +911/913/915/920
                                   +912
                               +901/903
                                   +869/878/887/897
                                                   +896
                                               +880/882
                                           +878
                                               +870/871/877/878
                                                           +874
                                       +844/868
                                               +850/865
                                                       +863
                                                   +850
                       +797/803/825/837/840
                                       +828
                                           +828
                                               +826
                                   +818
                                       +806/816
                                               +811
                               +799/800
                           +796
                   +710/723/788
                               +772/785/786
                                       +783
                                           +780/782/783
                                               +773
                                   +750/758/766/771
                                           +757
                                       +749
                                           +726/731/733/737/746
                                                       +732
                                                           +732
                                               +725
                           +713/719/721
                       +689/695/702/705/709
                                           +709
                                       +704
                                           +704
                                   +698/702
                               +692
                           +655/658/686
                                       +682
                                           +681
                                               +663/666/675
                                                           +672/674
                                                       +666
                                                   +661
                                   +657
                                       +656
                               +633/645/655
                                           +655
                                               +655
                                       +643/644
                                           +639/643
                                                   +641/643
                                               +638
                                                   +637
                                                       +636
                                   +627/632
                                           +631
                                       +611/621
                                               +616/621
                                                       +621
                                                           +617
                                                   +615
                                           +611
               +334/373/377/444/455/523/545/598/602
                                                   +599/602
                                                           +602
                                               +579/585/598
                                                       +584/585
                                                           +580
                                                   +570/575
                                                           +574
                                                       +558/568/569
                                                               +566
                                                                   +561
                                                                       +560
                                                           +557
                                                               +554
                                                                   +552
                                           +533/545
                                                   +538
                                               +524
                                                   +524
                                       +511/519/520
                                               +519
                                           +507/510
                                                   +508
                                               +506
                                                   +506
                                                       +488/501
                                                           +472/476/482
                                                                       +482
                                                                           +481
                                                                   +474
                                                               +463/468/471
                                                                       +468
                                   +448/452/455
                                               +454
                                           +452
                                       +446
                                           +446
                                               +445
                                                   +445
                               +411/414/426/428/432/443
                                               +427/428
                                                       +428
                                           +419/421
                                               +418
                                       +414
                                   +397/409
                                           +405/408
                                                   +408
                                               +399
                                       +391/392/394
                                           +382/390/391
                                                   +390
                                               +378
                           +376
                       +360/364/370/371/372
                                   +367/370
                               +363
                                   +362
                                       +362
                           +354/359
                                   +355/356
                                       +355
                               +349/351
                                       +350/351
                                   +348
                                       +343/346
                                           +343
                   +198/305/333/334
                               +306/312/320/328/329/332
                                               +326
                                           +318
                                   +306
                           +294/297
                               +206/288/291
                                           +289
                                       +251/255/259/276/286
                                                           +284
                                                               +283
                                                                   +277
                                                       +270/272/274
                                                                   +273
                                                               +271
                                                           +263
                                                               +262
                                                   +256/257/258
                                                       +256
                                               +255
                                                   +255
                                           +238/242
                                               +209/227/228
                                                       +211/216/217
                                                   +207
                                                       +207
                                   +205
                       +197/198
                               +198
                           +196
       +194
           +192/194
   +079/080/142/189
                   +169/181/183/189
                           +176/180
                                   +177
                               +170/172
                       +155/159/169
                                   +166
                               +157/158/159
                           +154
                               +147/150
                                   +147
                                       +147
               +117/140/141
                       +122/123/140
                                   +124/134/140
                           +119/122
                   +090/100/110/116
                               +108
                                   +103/106
                           +096/100
                                   +099
                               +092
                       +090
                           +082/083
                               +081
       +006/077/079
               +038/049/071
                           +064
                               +055/056
                       +048/049
                           +044/046
                   +035/036/037/038
                       +028/034
                           +019
           +003/004/006
               +003
BST height 20
=====================================
190/194/981/996
   |   |   |   +984/991
   |   |   |       +984
   |   |   +603/792/843/920/928/938/951/960/979
   |   |       |   |   |   |   |   |   |   |   +971/979
   |   |       |   |   |   |   |   |   |   |       |   +975/979
   |   |       |   |   |   |   |   |   |   |       |       +973
   |   |       |   |   |   |   |   |   |   |       |           +973
   |   |       |   |   |   |   |   |   |   |       +965
   |   |       |   |   |   |   |   |   |   +959
   |   |       |   |   |   |   |   |   +942/947/950
   |   |       |   |   |   |   |   +936
   |   |       |   |   |   |   |       +929
   |   |       |   |   |   |   +925/928
   |   |       |   |   |   +911/913/915/920
   |   |       |   |   |       |   +912
   |   |       |   |   |       +901/903
   |   |       |   |   |           +869/878/887/897
   |   |       |   |   |               |   |   |   +896
   |   |       |   |   |               |   |   +880/882
   |   |       |   |   |               |   +878
   |   |       |   |   |               |       +870/871/877/878
   |   |       |   |   |               |                   +874
   |   |       |   |   |               +844/868
   |   |       |   |   |                       +850/865
   |   |       |   |   |                           |   +863
   |   |       |   |   |                           +850
   |   |       |   |   +797/803/825/837/840
   |   |       |   |       |   |   |   +828
   |   |       |   |       |   |   |       +828
   |   |       |   |       |   |   |           +826
   |   |       |   |       |   |   +818
   |   |       |   |       |   |       +806/816
   |   |       |   |       |   |               +811
   |   |       |   |       |   +799/800
   |   |       |   |       +796
   |   |       |   +710/723/788
   |   |       |       |   |   +772/785/786
   |   |       |       |   |       |   +783
   |   |       |       |   |       |       +780/782/783
   |   |       |       |   |       |           +773
   |   |       |       |   |       +750/758/766/771
   |   |       |       |   |           |   +757
   |   |       |       |   |           +749
   |   |       |       |   |               +726/731/733/737/746
   |   |       |       |   |                   |       +732
   |   |       |       |   |                   |           +732
   |   |       |       |   |                   +725
   |   |       |       |   +713/719/721
   |   |       |       +689/695/702/705/709
   |   |       |           |   |   |   |   +709
   |   |       |           |   |   |   +704
   |   |       |           |   |   |       +704
   |   |       |           |   |   +698/702
   |   |       |           |   +692
   |   |       |           +655/658/686
   |   |       |               |   |   +682
   |   |       |               |   |       +681
   |   |       |               |   |           +663/666/675
   |   |       |               |   |               |   |   +672/674
   |   |       |               |   |               |   +666
   |   |       |               |   |               +661
   |   |       |               |   +657
   |   |       |               |       +656
   |   |       |               +633/645/655
   |   |       |                   |   |   +655
   |   |       |                   |   |       +655
   |   |       |                   |   +643/644
   |   |       |                   |       +639/643
   |   |       |                   |           |   +641/643
   |   |       |                   |           +638
   |   |       |                   |               +637
   |   |       |                   |                   +636
   |   |       |                   +627/632
   |   |       |                       |   +631
   |   |       |                       +611/621
   |   |       |                           |   +616/621
   |   |       |                           |       |   +621
   |   |       |                           |       |       +617
   |   |       |                           |       +615
   |   |       |                           +611
   |   |       +334/373/377/444/455/523/545/598/602
   |   |           |   |   |   |   |   |   |   |   +599/602
   |   |           |   |   |   |   |   |   |   |           +602
   |   |           |   |   |   |   |   |   |   +579/585/598
   |   |           |   |   |   |   |   |   |       |   +584/585
   |   |           |   |   |   |   |   |   |       |       +580
   |   |           |   |   |   |   |   |   |       +570/575
   |   |           |   |   |   |   |   |   |           |   +574
   |   |           |   |   |   |   |   |   |           +558/568/569
   |   |           |   |   |   |   |   |   |               |   +566
   |   |           |   |   |   |   |   |   |               |       +561
   |   |           |   |   |   |   |   |   |               |           +560
   |   |           |   |   |   |   |   |   |               +557
   |   |           |   |   |   |   |   |   |                   +554
   |   |           |   |   |   |   |   |   |                       +552
   |   |           |   |   |   |   |   |   +533/545
   |   |           |   |   |   |   |   |       |   +538
   |   |           |   |   |   |   |   |       +524
   |   |           |   |   |   |   |   |           +524
   |   |           |   |   |   |   |   +511/519/520
   |   |           |   |   |   |   |       |   +519
   |   |           |   |   |   |   |       +507/510
   |   |           |   |   |   |   |           |   +508
   |   |           |   |   |   |   |           +506
   |   |           |   |   |   |   |               +506
   |   |           |   |   |   |   |                   +488/501
   |   |           |   |   |   |   |                       +472/476/482
   |   |           |   |   |   |   |                           |   |   +482
   |   |           |   |   |   |   |                           |   |       +481
   |   |           |   |   |   |   |                           |   +474
   |   |           |   |   |   |   |                           +463/468/471
   |   |           |   |   |   |   |                                   +468
   |   |           |   |   |   |   +448/452/455
   |   |           |   |   |   |       |   |   +454
   |   |           |   |   |   |       |   +452
   |   |           |   |   |   |       +446
   |   |           |   |   |   |           +446
   |   |           |   |   |   |               +445
   |   |           |   |   |   |                   +445
   |   |           |   |   |   +411/414/426/428/432/443
   |   |           |   |   |       |   |   |   +427/428
   |   |           |   |   |       |   |   |           +428
   |   |           |   |   |       |   |   +419/421
   |   |           |   |   |       |   |       +418
   |   |           |   |   |       |   +414
   |   |           |   |   |       +397/409
   |   |           |   |   |           |   +405/408
   |   |           |   |   |           |       |   +408
   |   |           |   |   |           |       +399
   |   |           |   |   |           +391/392/394
   |   |           |   |   |               +382/390/391
   |   |           |   |   |                   |   +390
   |   |           |   |   |                   +378
   |   |           |   |   +376
   |   |           |   +360/364/370/371/372
   |   |           |       |   |   +367/370
   |   |           |       |   +363
   |   |           |       |       +362
   |   |           |       |           +362
   |   |           |       +354/359
   |   |           |           |   +355/356
   |   |           |           |       +355
   |   |           |           +349/351
   |   |           |               |   +350/351
   |   |           |               +348
   |   |           |                   +343/346
   |   |           |                       +343
   |   |           +198/305/333/334
   |   |               |   |   +306/312/320/328/329/332
   |   |               |   |       |       |   +326
   |   |               |   |       |       +318
   |   |               |   |       +306
   |   |               |   +294/297
   |   |               |       +206/288/291
   |   |               |           |   |   +289
   |   |               |           |   +251/255/259/276/286
   |   |               |           |       |   |   |   |   +284
   |   |               |           |       |   |   |   |       +283
   |   |               |           |       |   |   |   |           +277
   |   |               |           |       |   |   |   +270/272/274
   |   |               |           |       |   |   |       |   |   +273
   |   |               |           |       |   |   |       |   +271
   |   |               |           |       |   |   |       +263
   |   |               |           |       |   |   |           +262
   |   |               |           |       |   |   +256/257/258
   |   |               |           |       |   |       +256
   |   |               |           |       |   +255
   |   |               |           |       |       +255
   |   |               |           |       +238/242
   |   |               |           |           +209/227/228
   |   |               |           |               |   +211/216/217
   |   |               |           |               +207
   |   |               |           |                   +207
   |   |               |           +205
   |   |               +197/198
   |   |                   |   +198
   |   |                   +196
   |   +194
   |       +192/194
   +079/080/142/189
       |       |   +169/181/183/189
       |       |       |   +176/180
       |       |       |       |   +177
       |       |       |       +170/172
       |       |       +155/159/169
       |       |           |   |   +166
       |       |           |   +157/158/159
       |       |           +154
       |       |               +147/150
       |       |                   +147
       |       |                       +147
       |       +117/140/141
       |           |   +122/123/140
       |           |       |       +124/134/140
       |           |       +119/122
       |           +090/100/110/116
       |               |   |   +108
       |               |   |       +103/106
       |               |   +096/100
       |               |       |   +099
       |               |       +092
       |               +090
       |                   +082/083
       |                       +081
       +006/077/079
           |   +038/049/071
           |       |   |   +064
           |       |   |       +055/056
           |       |   +048/049
           |       |       +044/046
           |       +035/036/037/038
           |           +028/034
           |               +019
           +003/004/006
               +003
BST height 20
=====================================
616/803/903/951/979/984/991/996
   |   |   |   |   |   |   +984
   |   |   |   |   |   +979/981
   |   |   |   |   |       +979
   |   |   |   |   +971/973/975
   |   |   |   |       |   +973
   |   |   |   |       +960/965
   |   |   |   |           +959
   |   |   |   +928/938/947/950
   |   |   |       |   |   +942
   |   |   |       |   +929/936
   |   |   |       |       +928
   |   |   |       +915/920/925
   |   |   |           |   +920
   |   |   |           +912/913
   |   |   |               +911
   |   |   +865/878/887/897/901
   |   |       |   |   |   +896
   |   |       |   |   +880/882
   |   |       |   |       +878
   |   |       |   +871/877/878
   |   |       |       |   +874
   |   |       |       +869/870
   |   |       |           +868
   |   |       +828/844/850/863
   |   |           |   |   +850
   |   |           |   +840/843
   |   |           |       +837
   |   |           +818/826/828
   |   |               |   +825
   |   |               +811/816
   |   |                   +806
   |   +713/766/785/796/799/800
   |       |   |   |   |   +797
   |       |   |   |   +788/792
   |       |   |   |       +786
   |       |   |   +780/783/783
   |       |   |       |   +782
   |       |   |       +772/773
   |       |   |           +771
   |       |   +732/749/757/758
   |       |       |   |   +750
   |       |       |   +737/746
   |       |       |       +733
   |       |       +725/731/732
   |       |           |   +726
   |       |           +721/723
   |       |               +719
   |       +675/702/705/709/710
   |           |   |   |   +709
   |           |   |   +704/704
   |           |   |       +702
   |           |   +689/695/698
   |           |       |   +692
   |           |       +682/686
   |           |           +681
   |           +643/657/666/672/674
   |               |   |   |   +666
   |               |   |   +661/663
   |               |   |       +658
   |               |   +655/655/656
   |               |       |   +655
   |               |       +645/655
   |               |           +644
   |               +633/639/643/643
   |                   |   |   +641
   |                   |   +637/638
   |                   |       +636
   |                   +621/631/632
   |                       |   +627
   |                       +621/621
   |                           +617
   +318/445/524/575/599/603/611/615
       |   |   |   |   |   |   +611
       |   |   |   |   |   +602/602
       |   |   |   |   |       +602
       |   |   |   |   +585/598/598
       |   |   |   |       |   +585
       |   |   |   |       +580/584
       |   |   |   |           +579
       |   |   |   +558/568/570/574
       |   |   |       |   |   +569
       |   |   |       |   +561/566
       |   |   |       |       +560
       |   |   |       +545/554/557
       |   |   |           |   +552
       |   |   |           +538/545
       |   |   |               +533
       |   |   +481/508/519/523/524
       |   |       |   |   |   +520
       |   |       |   |   +511/519
       |   |       |   |       +510
       |   |       |   +501/506/507
       |   |       |       |   +506
       |   |       |       +482/488
       |   |       |           +482
       |   |       +455/471/474/476
       |   |           |   |   +472
       |   |           |   +468/468
       |   |           |       +463
       |   |           +452/454/455
       |   |               |   +452
       |   |               +446/448
       |   |                   +446
       |   +373/409/427/432/444/445
       |       |   |   |   |   +443
       |       |   |   |   +428/428
       |       |   |   |       +428
       |       |   |   +418/421/426
       |       |   |       |   +419
       |       |   |       +414/414
       |       |   |           +411
       |       |   +391/399/408/408
       |       |       |   |   +405
       |       |       |   +394/397
       |       |       |       +392
       |       |       +382/390/391
       |       |           |   +390
       |       |           +377/378
       |       |               +376
       |       +351/362/370/371/372
       |           |   |   |   +370
       |           |   |   +364/367
       |           |   |       +363
       |           |   +356/360/362
       |           |       |   +359
       |           |       +355/355
       |           |           +354
       |           +334/348/350/351
       |               |   |   +349
       |               |   +343/346
       |               |       +343
       |               +329/333/334
       |                   |   +332
       |                   +326/328
       |                       +320
       +166/238/273/289/305/306/312
           |   |   |   |   |   +306
           |   |   |   |   +294/297
           |   |   |   |       +291
           |   |   |   +283/286/288
           |   |   |       |   +284
           |   |   |       +276/277
           |   |   |           +274
           |   |   +257/263/271/272
           |   |       |   |   +270
           |   |       |   +259/262
           |   |       |       +258
           |   |       +255/256/256
           |   |           |   +255
           |   |           +251/255
           |   |               +242
           |   +194/207/216/227/228
           |       |   |   |   +217
           |       |   |   +209/211
           |       |   |       +207
           |       |   +198/205/206
           |       |       |   +198
           |       |       +197/198
           |       |           +196
           |       +181/190/194/194
           |           |   |   +192
           |           |   +189/189
           |           |       +183
           |           +172/177/180
           |               |   +176
           |               +169/170
           |                   +169
           +092/134/147/157/159/159
               |   |   |   |   +158
               |   |   |   +154/155
               |   |   |       +150
               |   |   +141/147/147
               |   |       |   +142
               |   |       +140/140
               |   |           +140
               |   +110/122/123/124
               |       |   |   +122
               |       |   +117/119
               |       |       +116
               |       +100/106/108
               |           |   +103
               |           +099/100
               |               +096
               +048/079/082/090/090
                   |   |   |   +083
                   |   |   +080/081
                   |   |       +079
                   |   +056/071/077
                   |       |   +064
                   |       +049/055
                   |           +049
                   +034/038/044/046
                       |   |   +038
                       |   +036/037
                       |       +035
                       +006/019/028
                           |   +006
                           +003/004
                               +003
Complete BST height 9
=====================================
190/194/981/996
   |   |   |   +984/991
   |   |   |       +984
   |   |   +603/792/843/920/928/938/951/960/979
   |   |       |   |   |   |   |   |   |   |   +971/979
   |   |       |   |   |   |   |   |   |   |       |   +975/979
   |   |       |   |   |   |   |   |   |   |       |       +973
   |   |       |   |   |   |   |   |   |   |       |           +973
   |   |       |   |   |   |   |   |   |   |       +965
   |   |       |   |   |   |   |   |   |   +959
   |   |       |   |   |   |   |   |   +942/947/950
   |   |       |   |   |   |   |   +936
   |   |       |   |   |   |   |       +929
   |   |       |   |   |   |   +925/928
   |   |       |   |   |   +911/913/915/920
   |   |       |   |   |       |   +912
   |   |       |   |   |       +901/903
   |   |       |   |   |           +869/878/887/897
   |   |       |   |   |               |   |   |   +896
   |   |       |   |   |               |   |   +880/882
   |   |       |   |   |               |   +878
   |   |       |   |   |               |       +870/871/877/878
   |   |       |   |   |               |                   +874
   |   |       |   |   |               +844/868
   |   |       |   |   |                       +850/865
   |   |       |   |   |                           |   +863
   |   |       |   |   |                           +850
   |   |       |   |   +797/803/825/837/840
   |   |       |   |       |   |   |   +828
   |   |       |   |       |   |   |       +828
   |   |       |   |       |   |   |           +826
   |   |       |   |       |   |   +818
   |   |       |   |       |   |       +806/816
   |   |       |   |       |   |               +811
   |   |       |   |       |   +799/800
   |   |       |   |       +796
   |   |       |   +710/723/788
   |   |       |       |   |   +772/785/786
   |   |       |       |   |       |   +783
   |   |       |       |   |       |       +780/782/783
   |   |       |       |   |       |           +773
   |   |       |       |   |       +750/758/766/771
   |   |       |       |   |           |   +757
   |   |       |       |   |           +749
   |   |       |       |   |               +726/731/733/737/746
   |   |       |       |   |                   |       +732
   |   |       |       |   |                   |           +732
   |   |       |       |   |                   +725
   |   |       |       |   +713/719/721
   |   |       |       +689/695/702/705/709
   |   |       |           |   |   |   |   +709
   |   |       |           |   |   |   +704
   |   |       |           |   |   |       +704
   |   |       |           |   |   +698/702
   |   |       |           |   +692
   |   |       |           +655/658/686
   |   |       |               |   |   +682
   |   |       |               |   |       +681
   |   |       |               |   |           +663/666/675
   |   |       |               |   |               |   |   +672/674
   |   |       |               |   |               |   +666
   |   |       |               |   |               +661
   |   |       |               |   +657
   |   |       |               |       +656
   |   |       |               +633/645/655
   |   |       |                   |   |   +655
   |   |       |                   |   |       +655
   |   |       |                   |   +643/644
   |   |       |                   |       +639/643
   |   |       |                   |           |   +641/643
   |   |       |                   |           +638
   |   |       |                   |               +637
   |   |       |                   |                   +636
   |   |       |                   +627/632
   |   |       |                       |   +631
   |   |       |                       +611/621
   |   |       |                           |   +616/621
   |   |       |                           |       |   +621
   |   |       |                           |       |       +617
   |   |       |                           |       +615
   |   |       |                           +611
   |   |       +334/373/377/444/455/523/545/598/602
   |   |           |   |   |   |   |   |   |   |   +599/602
   |   |           |   |   |   |   |   |   |   |           +602
   |   |           |   |   |   |   |   |   |   +579/585/598
   |   |           |   |   |   |   |   |   |       |   +584/585
   |   |           |   |   |   |   |   |   |       |       +580
   |   |           |   |   |   |   |   |   |       +570/575
   |   |           |   |   |   |   |   |   |           |   +574
   |   |           |   |   |   |   |   |   |           +558/568/569
   |   |           |   |   |   |   |   |   |               |   +566
   |   |           |   |   |   |   |   |   |               |       +561
   |   |           |   |   |   |   |   |   |               |           +560
   |   |           |   |   |   |   |   |   |               +557
   |   |           |   |   |   |   |   |   |                   +554
   |   |           |   |   |   |   |   |   |                       +552
   |   |           |   |   |   |   |   |   +533/545
   |   |           |   |   |   |   |   |       |   +538
   |   |           |   |   |   |   |   |       +524
   |   |           |   |   |   |   |   |           +524
   |   |           |   |   |   |   |   +511/519/520
   |   |           |   |   |   |   |       |   +519
   |   |           |   |   |   |   |       +507/510
   |   |           |   |   |   |   |           |   +508
   |   |           |   |   |   |   |           +506
   |   |           |   |   |   |   |               +506
   |   |           |   |   |   |   |                   +488/501
   |   |           |   |   |   |   |                       +472/476/482
   |   |           |   |   |   |   |                           |   |   +482
   |   |           |   |   |   |   |                           |   |       +481
   |   |           |   |   |   |   |                           |   +474
   |   |           |   |   |   |   |                           +463/468/471
   |   |           |   |   |   |   |                                   +468
   |   |           |   |   |   |   +448/452/455
   |   |           |   |   |   |       |   |   +454
   |   |           |   |   |   |       |   +452
   |   |           |   |   |   |       +446
   |   |           |   |   |   |           +446
   |   |           |   |   |   |               +445
   |   |           |   |   |   |                   +445
   |   |           |   |   |   +411/414/426/428/432/443
   |   |           |   |   |       |   |   |   +427/428
   |   |           |   |   |       |   |   |           +428
   |   |           |   |   |       |   |   +419/421
   |   |           |   |   |       |   |       +418
   |   |           |   |   |       |   +414
   |   |           |   |   |       +397/409
   |   |           |   |   |           |   +405/408
   |   |           |   |   |           |       |   +408
   |   |           |   |   |           |       +399
   |   |           |   |   |           +391/392/394
   |   |           |   |   |               +382/390/391
   |   |           |   |   |                   |   +390
   |   |           |   |   |                   +378
   |   |           |   |   +376
   |   |           |   +360/364/370/371/372
   |   |           |       |   |   +367/370
   |   |           |       |   +363
   |   |           |       |       +362
   |   |           |       |           +362
   |   |           |       +354/359
   |   |           |           |   +355/356
   |   |           |           |       +355
   |   |           |           +349/351
   |   |           |               |   +350/351
   |   |           |               +348
   |   |           |                   +343/346
   |   |           |                       +343
   |   |           +198/305/333/334
   |   |               |   |   +306/312/320/328/329/332
   |   |               |   |       |       |   +326
   |   |               |   |       |       +318
   |   |               |   |       +306
   |   |               |   +294/297
   |   |               |       +206/288/291
   |   |               |           |   |   +289
   |   |               |           |   +251/255/259/276/286
   |   |               |           |       |   |   |   |   +284
   |   |               |           |       |   |   |   |       +283
   |   |               |           |       |   |   |   |           +277
   |   |               |           |       |   |   |   +270/272/274
   |   |               |           |       |   |   |       |   |   +273
   |   |               |           |       |   |   |       |   +271
   |   |               |           |       |   |   |       +263
   |   |               |           |       |   |   |           +262
   |   |               |           |       |   |   +256/257/258
   |   |               |           |       |   |       +256
   |   |               |           |       |   +255
   |   |               |           |       |       +255
   |   |               |           |       +238/242
   |   |               |           |           +209/227/228
   |   |               |           |               |   +211/216/217
   |   |               |           |               +207
   |   |               |           |                   +207
   |   |               |           +205
   |   |               +197/198
   |   |                   |   +198
   |   |                   +196
   |   +194
   |       +192/194
   +079/080/142/189
       |       |   +169/181/183/189
       |       |       |   +176/180
       |       |       |       |   +177
       |       |       |       +170/172
       |       |       +155/159/169
       |       |           |   |   +166
       |       |           |   +157/158/159
       |       |           +154
       |       |               +147/150
       |       |                   +147
       |       |                       +147
       |       +117/140/141
       |           |   +122/123/140
       |           |       |       +124/134/140
       |           |       +119/122
       |           +090/100/110/116
       |               |   |   +108
       |               |   |       +103/106
       |               |   +096/100
       |               |       |   +099
       |               |       +092
       |               +090
       |                   +082/083
       |                       +081
       +006/077/079
           |   +038/049/071
           |       |   |   +064
           |       |   |       +055/056
           |       |   +048/049
           |       |       +044/046
           |       +035/036/037/038
           |           +028/034
           |               +019
           +003/004/006
               +003
BST by QUICKSORT, height 20
=====================================
190/362/981/984/996
   |   |   |   |   +991
   |   |   |   +984
   |   |   +929/938/950/951/973/979
   |   |       |   |   |       |   +979
   |   |       |   |   |       |       +979
   |   |       |   |   |       |           +975
   |   |       |   |   |       +960/965/971/973
   |   |       |   |   |           +959
   |   |       |   |   +942/947
   |   |       |   +936
   |   |       +603/704/792/826/843/863/920/928
   |   |           |   |   |   |   |   |   |   +928
   |   |           |   |   |   |   |   |   |       +925
   |   |           |   |   |   |   |   |   +896/911/912/913/920
   |   |           |   |   |   |   |   |       |   |           +915
   |   |           |   |   |   |   |   |       |   +897/901/903
   |   |           |   |   |   |   |   |       +869/878/887
   |   |           |   |   |   |   |   |           |   |   +882
   |   |           |   |   |   |   |   |           |   |       +880
   |   |           |   |   |   |   |   |           |   +878
   |   |           |   |   |   |   |   |           |       +874/878
   |   |           |   |   |   |   |   |           |           |   +877
   |   |           |   |   |   |   |   |           |           +870/871
   |   |           |   |   |   |   |   |           +865/868
   |   |           |   |   |   |   |   +844/850
   |   |           |   |   |   |   |           +850
   |   |           |   |   |   |   +828/837/840
   |   |           |   |   |   |       +828
   |   |           |   |   |   +797/800/803/811/825
   |   |           |   |   |       |   |       |   +816/818
   |   |           |   |   |       |   |       +806
   |   |           |   |   |       |   +799
   |   |           |   |   |       +796
   |   |           |   |   +783/788
   |   |           |   |       |   +786
   |   |           |   |       |       +785
   |   |           |   |       +710/773/783
   |   |           |   |           |   |   +782
   |   |           |   |           |   |       +780
   |   |           |   |           |   +723/746/772
   |   |           |   |           |       |   |   +771
   |   |           |   |           |       |   |       +750/757/758/766
   |   |           |   |           |       |   |           +749
   |   |           |   |           |       |   +726/732/733/737
   |   |           |   |           |       |       |   +731/732
   |   |           |   |           |       |       +725
   |   |           |   |           |       +721
   |   |           |   |           |           +713/719
   |   |           |   |           +709
   |   |           |   |               +705/709
   |   |           |   +689/692/695/704
   |   |           |       |           +702
   |   |           |       |               +702
   |   |           |       |                   +698
   |   |           |       +636/655/656/658/674/686
   |   |           |           |   |       |   |   +675/682
   |   |           |           |   |       |   |           +681
   |   |           |           |   |       |   +663/666/672
   |   |           |           |   |       |       |   +666
   |   |           |           |   |       |       +661
   |   |           |           |   |       +657
   |   |           |           |   +643/645/655
   |   |           |           |       |   |   +655
   |   |           |           |       |   |       +655
   |   |           |           |       |   +644
   |   |           |           |       +643
   |   |           |           |           +641/643
   |   |           |           |               +639
   |   |           |           |                   +637/638
   |   |           |           +633
   |   |           |               +617/627/631/632
   |   |           |                   |   +621
   |   |           |                   |       +621
   |   |           |                   |           +621
   |   |           |                   +611/615/616
   |   |           |                       +611
   |   |           +602
   |   |               +373/428/444/538/545/585/598/602
   |   |                   |   |   |   |   |   |   |   +602
   |   |                   |   |   |   |   |   |   |       +599
   |   |                   |   |   |   |   |   |   +598
   |   |                   |   |   |   |   |   +579/580/585
   |   |                   |   |   |   |   |       |       +584
   |   |                   |   |   |   |   |       +560/570/574/575
   |   |                   |   |   |   |   |           |   +569
   |   |                   |   |   |   |   |           |       +568
   |   |                   |   |   |   |   |           |           +561/566
   |   |                   |   |   |   |   |           +558
   |   |                   |   |   |   |   |               +552/557
   |   |                   |   |   |   |   |                       +554
   |   |                   |   |   |   |   +545
   |   |                   |   |   |   +455/524/533
   |   |                   |   |   |       |   +523/524
   |   |                   |   |   |       |       +471/511/519/520
   |   |                   |   |   |       |           |   |   +519
   |   |                   |   |   |       |           |   +481/507/508/510
   |   |                   |   |   |       |           |       |   +501/506
   |   |                   |   |   |       |           |       |       |   +506
   |   |                   |   |   |       |           |       |       +488
   |   |                   |   |   |       |           |       |           +482
   |   |                   |   |   |       |           |       |               +482
   |   |                   |   |   |       |           |       +472/474/476
   |   |                   |   |   |       |           +463/468
   |   |                   |   |   |       |                   +468
   |   |                   |   |   |       +445/448/452/455
   |   |                   |   |   |           |   |   |   +454
   |   |                   |   |   |           |   |   +452
   |   |                   |   |   |           |   +446
   |   |                   |   |   |           |       +446
   |   |                   |   |   |           +445
   |   |                   |   |   +443
   |   |                   |   |       +432
   |   |                   |   +377/408/411/414/426/428
   |   |                   |       |   |   |   |   |   +428
   |   |                   |       |   |   |   |   |       +427
   |   |                   |       |   |   |   |   +418/419/421
   |   |                   |       |   |   |   +414
   |   |                   |       |   |   +409
   |   |                   |       |   +397/399/405/408
   |   |                   |       |       +394
   |   |                   |       |           +391/392
   |   |                   |       |               +378/382/391
   |   |                   |       |                           +390
   |   |                   |       |                               +390
   |   |                   |       +376
   |   |                   +363/364/370/371/372
   |   |                               +370
   |   |                                   +367
   |   +194/356/360/362
   |       |   |   +359
   |       |   +334/346/354/355
   |       |       |   |   |   +355
   |       |       |   |   +351
   |       |       |   |       +349/350/351
   |       |       |   |           +348
   |       |       |   +343
   |       |       |       +343
   |       |       +273/305/332/333/334
   |       |           |   |   +306/318/320/326/328/329
   |       |           |   |       |   +312
   |       |           |   |       +306
   |       |           |   +277/294/297
   |       |           |       |   +283/288/289/291
   |       |           |       |           +284/286
   |       |           |       +276
   |       |           |           +274
   |       |           +198/256/259/262/270/271/272
   |       |               |   |   |       +263
   |       |               |   |   +258
   |       |               |   |       +257
   |       |               |   +206/242/251/255/256
   |       |               |       |   |       +255
   |       |               |       |   |           +255
   |       |               |       |   +238
   |       |               |       |       +217/227/228
   |       |               |       |           +209/216
   |       |               |       |               |   +211
   |       |               |       |               +207
   |       |               |       |                   +207
   |       |               |       +205
   |       |               +198
   |       |                   +197/198
   |       |                       +196
   |       +194
   |           +194
   |               +192
   +166/189
       |   +172/181/189
       |       |   |   +183
       |       |   +177/180
       |       |       +176
       |       +169/170
       |           +169
       +079/141/142/150/155/159
           |   |       |   |   +159
           |   |       |   |       +158
           |   |       |   |           +157
           |   |       |   +154
           |   |       +147
           |   |           +147
           |   |               +147
           |   +080/083/117/122/140
           |           |   |   |   +140
           |           |   |   |       +123/134/140
           |           |   |   |               +124
           |           |   |   +122
           |           |   |       +119
           |           |   +092/100/106/110/116
           |           |       |   |   |   +108
           |           |       |   |   +103
           |           |       |   +099/100
           |           |       |       +096
           |           |       +090
           |           |           +090
           |           +082
           |               +081
           +056/077/079
               |   +064/071
               +006/038/049/055
                   |   |   +046/048/049
                   |   |       +044
                   |   +038
                   |       +019/035/037
                   |               |   +036
                   |               +034
                   |                   +028
                   +006
                       +003/004
                           +003
BST by QUICKSORT v2, height 21
=====================================
524/840/897/973/996
   |   |   |   |   +979/984/991
   |   |   |   |       |   +984
   |   |   |   |       |       +981
   |   |   |   |       +979
   |   |   |   |           +975/979
   |   |   |   +928/960/973
   |   |   |       |   |   +965/971
   |   |   |       |   +942/947/959
   |   |   |       |       |       +950/951
   |   |   |       |       +936/938
   |   |   |       |           +929
   |   |   |       +901/928
   |   |   |               +915/925
   |   |   |                   |   +920
   |   |   |                   |       +920
   |   |   |                   +903/913
   |   |   |                           +911/912
   |   |   +880/882/896
   |   |       |       +887
   |   |       +865/878
   |   |           |   +870/874/877/878
   |   |           |       |   |       +878
   |   |           |       |   +871
   |   |           |       +868/869
   |   |           +844/850/863
   |   |               |   +850
   |   |               +843
   |   +599/785/818/828/837
   |       |   |   |   +828
   |       |   |   |       +826
   |       |   |   |           +825
   |       |   |   +796/811/816
   |       |   |       |   +803/806
   |       |   |       |       +799/800
   |       |   |       |           +797
   |       |   |       +788/792
   |       |   |           +786
   |       |   +615/758/773/782/783
   |       |       |   |   |   |   +783
   |       |       |   |   |   +780
   |       |       |   |   +766/772
   |       |       |   |           +771
   |       |       |   +617/637/705/732/749/757
   |       |       |       |   |   |   |   |   +750
   |       |       |       |   |   |   |   +737/746
   |       |       |       |   |   |   |       +733
   |       |       |       |   |   |   +732
   |       |       |       |   |   |       +713/726/731
   |       |       |       |   |   |           |   +725
   |       |       |       |   |   |           |       +719/721/723
   |       |       |       |   |   |           +709/710
   |       |       |       |   |   |               +709
   |       |       |       |   |   +663/675/702/704
   |       |       |       |   |       |   |   |   +704
   |       |       |       |   |       |   |   +682/698/702
   |       |       |       |   |       |   |       |   +686/695
   |       |       |       |   |       |   |       |           +689/692
   |       |       |       |   |       |   |       +681
   |       |       |       |   |       |   +672/674
   |       |       |       |   |       |       +666
   |       |       |       |   |       |           +666
   |       |       |       |   |       +639/643/645/658/661
   |       |       |       |   |           |   |   |   +655/656/657
   |       |       |       |   |           |   |   |       +655
   |       |       |       |   |           |   |   |           +655
   |       |       |       |   |           |   |   |               +655
   |       |       |       |   |           |   |   +644
   |       |       |       |   |           |   +641/643
   |       |       |       |   |           |           +643
   |       |       |       |   |           +638
   |       |       |       |   +621/631/632/636
   |       |       |       |       |   |       +633
   |       |       |       |       |   +627
   |       |       |       |       +621
   |       |       |       |           +621
   |       |       |       +616
   |       |       +602/611
   |       |           |   +611
   |       |           |       +603
   |       |           +602
   |       |               +602
   |       +585/598
   |           |   +598
   |           +574/584/585
   |               |   +575/580
   |               |           +579
   |               +560/568/569/570
   |                   |   +561/566
   |                   +552/557/558
   |                       |   +554
   |                       +545
   |                           +533/538/545
   +428/520/524
       |   |   +523
       |   +445/510/519
       |       |   |   +511/519
       |       |   +448/482/506/507/508
       |       |       |   |   +488/501/506
       |       |       |   +482
       |       |       |       +474/481
       |       |       |           |   +476
       |       |       |           +463/468/471/472
       |       |       |               |   +468
       |       |       |               +452/455
       |       |       |                   |   +455
       |       |       |                   |       +454
       |       |       |                   +452
       |       |       +446
       |       |           +446
       |       +443/445
       |           |   +444
       |           +432
       +277/408/414/421/427/428
           |   |   |   |   |   +428
           |   |   |   |   +426
           |   |   |   +419
           |   |   |       +418
           |   |   +414
           |   |       +411
           |   |           +409
           |   +289/297/326/391/399/408
           |       |   |   |   |   |   +405
           |       |   |   |   |   +392/397
           |       |   |   |   |           +394
           |       |   |   |   +373/378/390/391
           |       |   |   |       |   |   +390
           |       |   |   |       |   |       +382
           |       |   |   |       |   +377
           |       |   |   |       |       +376
           |       |   |   |       +351/370/372
           |       |   |   |           |   |   +371
           |       |   |   |           |   +370
           |       |   |   |           |       +355/363/364/367
           |       |   |   |           |           |   +356/359/362
           |       |   |   |           |           |               +362
           |       |   |   |           |           |                   +360
           |       |   |   |           |           +355
           |       |   |   |           |               +354
           |       |   |   |           +351
           |       |   |   |               +343/350
           |       |   |   |                   |   +348/349
           |       |   |   |                   |       +346
           |       |   |   |                   +334/343
           |       |   |   |                       +333/334
           |       |   |   |                           +329/332
           |       |   |   |                               +328
           |       |   |   +306/320
           |       |   |       |   +318
           |       |   |       |       +312
           |       |   |       +305/306
           |       |   +294
           |       |       +291
           |       +284/288
           |           |   +286
           |           +283
           +272/274/276
               |   +273
               +147/155/211/257/270/271
                   |   |   |   |   +263
                   |   |   |   |       +258/262
                   |   |   |   |               +259
                   |   |   |   +227/255/256
                   |   |   |       |   |   +256
                   |   |   |       |   +255
                   |   |   |       |       +228/238/255
                   |   |   |       |                   +251
                   |   |   |       |                       +242
                   |   |   |       +217
                   |   |   |           +216
                   |   |   +194/206/207/209
                   |   |       |   |   +207
                   |   |       |   +197/198/205
                   |   |       |       |   +198
                   |   |       |       |       +198
                   |   |       |       +196
                   |   |       +157/172/189/192/194
                   |   |               |   |   |   +194
                   |   |               |   |   +190
                   |   |               |   +180/183/189
                   |   |               |       |   +181
                   |   |               |       +176/177
                   |   |               +169/170
                   |   |                   +159/169
                   |   |                       |   +166
                   |   |                       +159
                   |   |                           +158
                   |   +154
                   |       +150
                   +092/140/147
                       |   |   +147
                       |   |       +141/142
                       |   +124/140
                       |       |   +134/140
                       |       +119/123
                       |           |   +122
                       |           |       +122
                       |           +108/110/116/117
                       |               +106
                       |                   +096/103
                       |                           +100
                       |                               +100
                       |                                   +099
                       +064/090
                           |   +080/081/082/083/090
                           |       +079
                           |           +077/079
                           |               +071
                           +055/056
                               +049
                                   +019/037/044/048/049
                                       |   |   |   +046
                                       |   |   +038
                                       |   |       +038
                                       |   +034/035/036
                                       |       +028
                                       +003/004/006
                                           |       +006
                                           +003
BST by QUICKSORT v3, height 19
=====================================
TIME 0.20171 seconds
