=====================================
550-790-820-710-760-870-410-280-850-750-750-950-640-680-440-970-430-500-080-050-920-260-070-600-380-060-120-970-960-880-580-530-340-940-550-210-470-710-710-220-990-890-900-650-370-630-790-270-950-730-530-210-930-210-500-970-780-020-940-680-720-550-690-380-260-010-820-410-340-450-960-060-220-200-650-460-160-300-880-030-880-110-810-920-440-670-850-150-810-640-600-620-960-100-450-500-550-620-620
total 99 nodes
=====================================
010 020 030 050 060 060 070 080 100 110 120 150 160 200 210 210 210 220 220 260 260 270 280 300 340 340 370 380 380 410 410 430 440 440 450 450 460 470 500 500 500 530 530 550 550 550 550 580 600 600 620 620 620 630 640 640 650 650 670 680 680 690 710 710 710 720 730 750 750 760 780 790 790 810 810 820 820 850 850 870 880 880 880 890 900 920 920 930 940 940 950 950 960 960 960 970 970 970 990 
total 99 nodes (sorted)
=====================================
                        990
                    970
                        970
                                970
                            960
                                960
                                    960
                950
                            950
                        940
                                940
                            930
                    920
                                    920
                                900
                            890
                        880
                            880
                                880
            870
                850
                    850
        820
            820
                810
                    810
    790
                790
                    780
            760
                750
                    750
                        730
                            720
        710
                    710
                        710
                            690
                680
                        680
                            670
                    650
                        650
            640
                        640
                    630
                        620
                            620
                                620
                600
                        600
                    580
550
                    550
                        550
                            550
                530
                    530
            500
                    500
                        500
                470
                        460
                    450
                        450
        440
                440
            430
    410
                410
            380
                        380
                    370
                340
                    340
                        300
        280
                    270
                260
                                260
                            220
                                220
                        210
                            210
                                210
                                    200
                                        160
                                            150
                    120
                        110
                            100
            080
                    070
                        060
                            060
                050
                        030
                    020
                        010
BST height 12
=====================================
550/790/820/870/950/970/990
                       +970
                           +960/970
                               +960
                                   +960
                   +920/940/950
                           +930/940
                       +880/890/900/920
                           +880
                               +880
               +850
                   +850
           +820
               +810
                   +810
       +710/760/790
                   +780
               +750
                   +750
                       +730
                           +720
           +640/680/710
                       +710
                           +690
                   +650/680
                           +670
                       +650
               +600/630/640
                       +620
                           +620
                               +620
                   +580/600
   +410/440/500/530/550
                       +550
                           +550
                   +530
               +470/500
                       +500
                   +450/460
                       +450
           +430/440
       +280/380/410
               +340/370/380
                   +340
                       +300
           +080/260/270
                   +120/210/220/260
                               +220
                           +210
                               +210
                                   +200
                                       +160
                                           +150
                       +110
                           +100
               +050/070
                       +060
                           +060
                   +020/030
                       +010
BST height 12
=====================================
550/790/820/870/950/970/990
   |   |   |   |   |   +970
   |   |   |   |   |       +960/970
   |   |   |   |   |           +960
   |   |   |   |   |               +960
   |   |   |   |   +920/940/950
   |   |   |   |       |   +930/940
   |   |   |   |       +880/890/900/920
   |   |   |   |           +880
   |   |   |   |               +880
   |   |   |   +850
   |   |   |       +850
   |   |   +820
   |   |       +810
   |   |           +810
   |   +710/760/790
   |       |   |   +780
   |       |   +750
   |       |       +750
   |       |           +730
   |       |               +720
   |       +640/680/710
   |           |   |   +710
   |           |   |       +690
   |           |   +650/680
   |           |       |   +670
   |           |       +650
   |           +600/630/640
   |               |   +620
   |               |       +620
   |               |           +620
   |               +580/600
   +410/440/500/530/550
       |   |   |   |   +550
       |   |   |   |       +550
       |   |   |   +530
       |   |   +470/500
       |   |       |   +500
       |   |       +450/460
       |   |           +450
       |   +430/440
       +280/380/410
           |   +340/370/380
           |       +340
           |           +300
           +080/260/270
               |   +120/210/220/260
               |       |   |   +220
               |       |   +210
               |       |       +210
               |       |           +200
               |       |               +160
               |       |                   +150
               |       +110
               |           +100
               +050/070
                   |   +060
                   |       +060
                   +020/030
                       +010
BST height 12
=====================================
710/890/950/970/970/990
   |   |   |   |   +970
   |   |   |   +960/960
   |   |   |       +960
   |   |   +930/940/950
   |   |       |   +940
   |   |       +920/920
   |   |           +900
   |   +820/870/880/880
   |       |   |   +880
   |       |   +850/850
   |       |       +820
   |       +790/810/810
   |           |   +790
   |           +750/760/780
   |               |   +750
   |               +720/730
   |                   +710
   +430/580/640/680/690/710
       |   |   |   |   +680
       |   |   |   +650/670
       |   |   |       +650
       |   |   +620/630/640
       |   |       |   +620
       |   |       +600/620
       |   |           +600
       |   +500/550/550/550
       |       |   |   +550
       |       |   +530/530
       |       |       +500
       |       +450/470/500
       |           |   +460
       |           +440/450
       |               +440
       +210/300/380/410/410
           |   |   |   +380
           |   |   +340/370
           |   |       +340
           |   +260/270/280
           |       |   +260
           |       +220/220
           |           +210
           +080/150/200/210
               |   |   +160
               |   +110/120
               |       +100
               +050/060/070
                   |   +060
                   +020/030
                       +010
Complete BST height 7
=====================================
550/790/820/870/950/970/990
   |   |   |   |   |   +970
   |   |   |   |   |       +960/970
   |   |   |   |   |           +960
   |   |   |   |   |               +960
   |   |   |   |   +920/940/950
   |   |   |   |       |   +930/940
   |   |   |   |       +880/890/900/920
   |   |   |   |           +880
   |   |   |   |               +880
   |   |   |   +850
   |   |   |       +850
   |   |   +820
   |   |       +810
   |   |           +810
   |   +710/760/790
   |       |   |   +780
   |       |   +750
   |       |       +750
   |       |           +730
   |       |               +720
   |       +640/680/710
   |           |   |   +710
   |           |   |       +690
   |           |   +650/680
   |           |       |   +670
   |           |       +650
   |           +600/630/640
   |               |   +620
   |               |       +620
   |               |           +620
   |               +580/600
   +410/440/500/530/550
       |   |   |   |   +550
       |   |   |   |       +550
       |   |   |   +530
       |   |   +470/500
       |   |       |   +500
       |   |       +450/460
       |   |           +450
       |   +430/440
       +280/380/410
           |   +340/370/380
           |       +340
           |           +300
           +080/260/270
               |   +120/210/220/260
               |       |   |   +220
               |       |   +210
               |       |       +210
               |       |           +200
               |       |               +160
               |       |                   +150
               |       +110
               |           +100
               +050/070
                   |   +060
                   |       +060
                   +020/030
                       +010
BST by QUICKSORT, height 12
=====================================
550/620/790/960/970/990
   |   |   |   |   +970
   |   |   |   |       +970
   |   |   |   +820/850/870/920/950/960
   |   |   |       |   |       |   |   +960
   |   |   |       |   |       |   +940/950
   |   |   |       |   |       |       +940
   |   |   |       |   |       |           +930
   |   |   |       |   |       +920
   |   |   |       |   |           +880/890/900
   |   |   |       |   |               +880
   |   |   |       |   |                   +880
   |   |   |       |   +850
   |   |   |       +810/820
   |   |   |           +810
   |   |   +640/710/720/760/780/790
   |   |       |   |       +730/750
   |   |       |   |               +750
   |   |       |   +670/680/690/710
   |   |       |       |   |       +710
   |   |       |       |   +680
   |   |       |       +650
   |   |       |           +650
   |   |       +640
   |   |           +630
   |   +600/620
   |       |   +620
   |       +600
   |           +580
   +550
       +410/500/530/550
           |   |   |   +550
           |   |   +530
           |   +440/450/500
           |       |   |   +460/470/500
           |       |   +450
           |       +440
           |           +430
           +100/280/300/380/410
               |   |       +340/370/380
               |   |           +340
               |   +150/260/270
               |       |   +160/210/220/260
               |       |           |   +220
               |       |           +200/210
               |       |                   +210
               |       +120
               |           +110
               +080
                   +030/050/060/070
                       |       +060
                       +020
                           +010
BST by QUICKSORT v2, height 12
=====================================
790/950/970/990
   |   |   +960/970
   |   |       |   +970
   |   |       +960
   |   |           +960
   |   +880/940/950
   |       |   +900/940
   |       |       |   +930
   |       |       |       +920
   |       |       |           +920
   |       |       +890
   |       +880
   |           +870/880
   |               +850
   |                   +850
   |                       +810/820
   |                           |   +820
   |                           +810
   +120/710/780/790
       |   |   +750/760
       |   |       +730/750
       |   |           +720
       |   +620/680/710
       |       |   |   +710
       |       |   |       +690
       |       |   +670/680
       |       |       +630/650
       |       |               +650
       |       |                   +640
       |       |                       +640
       |       +380/500/620
       |           |   |   +550/580/600/620
       |           |   |       |       +600
       |           |   |       +550
       |           |   |           +530/550
       |           |   |               |   +550
       |           |   |               +530
       |           |   +440/500
       |           |       |   +450/460/470/500
       |           |       |       +450
       |           |       +410/430/440
       |           |           +410
       |           +270/340/370/380
       |               |   +340
       |               |       +280/300
       |               +210/260
       |                   |   +220/260
       |                   |       +220
       |                   +160/210
       |                       |   +200/210
       |                       +150
       +060/070/110
           |       +100
           |           +080
           +020/060
               |   +030/050
               +010
BST by QUICKSORT v3, height 12
=====================================
TIME 0.03616 seconds
