1234
415
540
556
268
461
142
356
99
573
254
376
442
167
234
169
372
459
56
365
502
231
525
129
290
356
61
305
233
37
537
63
451
476
370
471
88
511
226
186
235
231
562
77
149
195
597
520
53
404
37
555
35
561
435
76
68
247
132
52
284
68
115
486
295
236
108
383
147
85
568
133
68
529
561
216
476
309
136
280
113
172
234
499
484
421
326
551
67
209
2
102
28
468
340
322
104
447
104
2
284
424
486
351
104
447
566
579
507
101
259
19
24
244
517
507
416
594
209
483
202
211
336
229
430
75
551
533
274
406
286
557
581
172
307
85
370
24
63
276
477
73
295
500
69
563
159
484
557
367
366
158
329
454
139
159
528
89
443
553
246
481
261
227
52
567
311
421
343
125
448
219
550
494
118
18
457
28
501
165
395
267
74
475
472
212
385
399
300
580
104
298
460
364
524
511
83
586
83
425
462
282
43
411
176
512
428
32
540
329
548
86
347
21
560
218
233
97
368
284
76
223
581
535
587
256
197
421
241
279
245
103
560
39
513
135
302
93
518
241
421
465
78
519
486
390
488
470
486
7
153
313
230
486
247
216
141
443
36
382
473
32
484
184
422
148
71
123
240
340
116
412
205
193
82
442
334
569
311
571
576
215
283
205
100
529
172
241
123
559
374
595
342
9
531
163
156
1
285
148
340
152
311
296
345
393
137
430
113
199
401
440
166
83
396
265
364
567
257
486
277
382
233
18
390
163
180
298
515
217
197
254
368
507
302
464
51
438
294
164
389
94
3
306
528
399
322
291
117
579
177
394
360
409
163
502
323
343
199
237
311
395
242
78
53
543
294
104
133
587
267
521
432
21
578
359
171
299
50
288
277
578
433
389
138
595
42
212
89
240
448
399
386
89
229
438
32
522
293
516
260
311
188
91
332
165
201
254
463
2
541
492
579
125
32
468
120
73
79
208
64
278
359
449
119
587
38
502
260
331
417
519
393
4
9
124
168
561
378
30
563
70
273
293
195
304
161
66
376
591
25
439
269
383
39
139
121
77
40
380
159
456
50
551
459
410
427
378
371
556
159
333
25
432
25
571
135
537
36
511
280
413
101
300
195
140
438
68
216
477
447
374
332
497
76
542
306
502
319
428
457
229
160
234
60
537
204
195
225
592
457
504
404
557
203
350
96
392
417
311
268
16
436
351
512
512
44
569
165
114
397
22
343
308
255
402
596
210
596
221
553
204
124
356
161
79
458
256
470
274
319
490
41
506
240
304
169
36
273
334
149
421
107
491
480
361
45
476
322
392
96
275
596
571
382
156
49
239
163
271
265
481
160
305
139
151
9
307
538
33
392
87
453
498
329
84
10
373
559
332
165
406
6
160
377
387
315
177
26
477
199
290
110
110
346
248
13
354
306
550
386
98
36
590
595
365
74
5
137
384
88
301
190
93
212
318
479
526
494
256
155
445
297
264
554
43
263
566
148
568
516
534
417
551
275
412
67
100
168
204
484
255
256
425
99
468
142
329
145
387
585
299
231
281
314
185
75
328
502
223
296
417
508
464
120
534
27
186
34
194
141
269
200
397
445
50
16
338
379
160
476
363
211
107
395
276
43
222
4
544
196
51
113
455
514
232
388
541
417
173
486
310
193
438
458
389
487
473
126
265
384
2
379
346
460
526
22
502
499
377
197
94
427
309
548
340
292
87
32
461
260
518
170
204
355
27
593
241
251
118
258
386
471
388
132
330
313
505
583
211
281
532
56
107
592
3
198
284
90
230
496
101
147
65
304
253
443
48
245
445
166
502
230
388
42
113
118
106
17
100
317
297
383
124
155
375
127
353
58
568
582
553
420
480
369
123
132
563
523
128
407
88
382
388
475
423
253
344
528
21
196
596
318
578
120
224
352
598
576
161
565
309
465
384
540
233
258
71
547
180
551
105
19
332
245
246
154
497
341
433
517
536
429
586
266
548
210
17
545
537
530
261
246
394
396
185
379
405
8
77
585
310
182
355
41
178
352
194
74
93
26
342
380
206
80
45
153
289
414
449
577
343
109
574
488
256
159
18
61
518
447
397
227
28
151
19
205
255
564
30
99
341
123
478
547
202
523
451
242
88
300
219
430
160
192
69
416
102
439
476
371
285
24
349
64
526
367
20
180
330
49
278
423
523
156
369
125
430
219
118
517
270
336
98
182
280
518
349
133
356
576
256
392
599
4
455
524
123
474
104
204
274
133
26
197
40
146
73
469
117
190
137
386
278
234
319
309
152
67
193
259
42
448
51
392
204
505
316
78
131
171
281
404
55
59
352
95
204
424
315
320
366
452
458
395
85
176
103
588
595
295
247
388
495
49
180
98
305
247
527
435
169
207
591
575
17
94
69
221
270
136
292
35
587
501
429
423
77
283
411
423
329
409
210
575
209
141
424
513
139
350
348
307
309
90
282
325
183
102
297
452
237
341
238
575
241
418
398
69
452
560
491
181
120
453
155
328
593
579
240
132
80
339
190
388
428
223
113
363
77
409
566
313
149
204
40
142
21
437
210
225
148
101
405
267
553
311
594
297
41
233
428
121
572
18
508
151
592
372
265
68
533
231
133
81
434
172
574
206
8
184
430
507
36
586
173
588
49
166
284
89
150
464
561
473
233
221
24
224
592
288
292
524
270
424
357
103
347
330
61
106
513
242
12
548
228
184
287
28
349
323
116
498
186
429
371
170
49
146
393
392
185
436
316
455
11
72
309
357
153
369
214
66
363
225
365
342
408
404
369
508
126
236
158
63
64
280
584
464
177
128
256
361
564
323

