12345
1000
822
174
2252
3922
5905
3138
5903
1529
1129
828
898
1722
4054
3807
4774
1939
1713
2858
713
2762
596
1405
5343
1324
3580
3828
3287
4066
244
5278
5065
1418
5452
1668
5339
5356
4805
5242
884
5933
69
2133
1654
4122
5939
779
412
1651
3636
1476
4764
4231
2880
4106
5554
812
1933
3192
4877
2529
2822
4293
4298
2273
5960
3636
1980
4764
2877
3215
5048
3297
5347
1053
1770
5285
1831
2533
935
5466
4009
5699
4049
1240
4156
3954
2051
441
1146
1279
3321
3967
5923
1618
591
5882
5605
2570
4997
2834
5784
4396
482
5482
5448
2252
4766
1278
4784
52
1096
3144
102
5144
4736
4610
3097
1138
5402
4594
2417
3074
2912
2339
5043
3502
2573
4647
423
1921
1832
558
317
2314
39
5764
4565
4804
1394
3700
5208
2489
1196
5661
1984
5931
4270
5080
1068
4023
4026
3484
1096
937
175
138
4791
3099
5137
5213
5019
968
5771
5335
3281
161
5099
2197
5317
492
5897
4524
3332
1092
4536
5315
1374
3158
4746
2441
1180
2771
277
2628
4060
451
2765
3202
3549
2253
2766
2567
3573
2536
1902
853
3049
1352
3050
2365
2195
3298
1240
5526
4741
5775
5192
114
2932
3937
2554
4112
1060
3182
739
5471
3632
3855
2672
1532
460
5437
4451
4032
2325
704
4884
5373
2055
2285
1737
4601
5934
3328
4126
5026
3102
3669
5139
34
1605
2045
4497
3016
5226
5235
2486
3210
3441
5509
4741
3900
4946
3543
1931
1622
4246
1167
1346
652
3451
3434
5252
3737
761
3729
2762
3862
1397
2253
4247
3354
4297
2743
369
3874
2329
3207
1083
5770
2715
176
3669
2012
3718
5952
3985
2316
1118
5330
2967
4920
2763
2571
2656
3875
299
5770
1737
2048
2022
5983
5401
318
3078
121
4191
5406
3327
5626
5527
394
5801
3196
2757
3870
3499
742
185
4616
423
3504
3887
3186
74
895
1412
724
664
3148
2771
2685
3483
2523
3354
560
2644
1896
317
322
1873
5844
1067
1673
3391
3824
5895
889
4917
79
5856
5339
3582
4094
2876
4007
4988
4288
4731
3
1787
1853
3039
5269
4376
744
180
1371
2640
849
1692
4512
692
2759
537
4434
934
431
5674
5850
861
5529
5188
4795
3974
2416
2801
2962
1055
1883
2964
2841
3736
3
2462
2463
1098
2993
3833
3737
3841
5524
2601
4884
2634
3489
3317
3567
4271
2990
3768
5131
2870
3308
4277
1196
5723
1078
4157
777
3312
1472
3617
1047
1826
430
3509
2924
3423
1341
1012
1615
1217
3964
499
3850
1452
4167
1769
5722
1509
5536
5205
4730
2843
3481
5925
2917
4910
4433
3693
2222
257
1662
3620
2082
2443
1129
5357
5865
2821
721
1480
4389
4684
2330
2591
136
496
4359
209
2356
4246
5765
1086
1089
3598
1362
4357
2507
5795
2402
5080
51
4063
2700
2484
505
4180
2193
722
1000
2913
2553
5741
1596
4882
2331
2083
5729
1041
2644
2437
5286
2408
3522
726
357
5235
5083
2864
5381
1484
2295
5431
5898
4994
2267
754
3173
4459
1827
4525
1371
4379
4265
3318
3612
947
5401
3693
1987
2396
129
1272
5155
4002
2350
5512
3236
1432
2727
2617
3267
5021
2399
3516
4015
5017
4269
1539
3475
96
63
5197
4826
4679
2867
2438
5625
2267
130
1611
4662
258
3235
3816
4259
5584
3679
1846
1367
405
4814
4985
5426
1213
2500
3792
229
768
5330
4056
1215
5393
3604
41
4071
470
2478
4048
3088
2959
10
1749
3568
3244
5917
1826
3179
3947
4023
4545
4352
2837
3881
4129
4401
380
1920
4629
1500
1601
3036
2714
993
640
2754
5416
1461
5583
3815
4549
2893
3824
297
460
1068
565
2637
4598
4864
660
3495
3215
3848
1375
1695
2248
1755
3966
1228
3254
5566
4264
5967
911
5255
3073
326
715
3007
4492
5263
252
2315
5912
711
3734
828
3348
2332
5691
4359
5826
3257
2206
1200
4951
4805
3306
2916
32
559
2482
4647
878
3744
4253
4302
4069
4968
1660
2912
4582
1911
5226
4845
2622
2960
5673
321
5643
5715
5031
5820
2972
1588
1019
2274
392
4677
5542
775
5235
2375
5422
464
118
3674
5117
4538
2993
777
1449
1927
2687
674
771
5660
3985
795
332
3979
510
5362
3798
3833
949
4817
106
1340
3845
5647
2467
3431
2021
1888
3895
2490
5913
3011
1027
3258
4139
2475
5184
1178
3501
306
837
1485
1101
1521
5464
1962
882
3261
5794
2183
2429
251
3874
273
250
340
4056
2270
2579
1950
5112
2492
5312
138
101
3451
2613
5636
4628
465
5941
5816
2301
1393
1336
2116
3354
2570
5729
3147
4752
2157
3398
2625
2782
3647
2965
837
268
5543
3138
5379
2386
2449
5869
2486
251
2833
2121
4878
3297
2414
5046
5597
3806
381
1713
1160
2950
1441
4658
2053
3949
2055
4678
1082
53
1994
2270
673
1888
5407
403
4626
2208
271
1111
2810
3103
3584
1688
399
349
1085
348
4154
1465
2060
5665
4767
3852
4323
819
1800
729
5848
2882
782
2193
5503
1806
4433
4910
2208
3058
1469
2479
4520
4278
5933
2103
317
684
2803
1401
1031
957
3218
3442
621
2336
1293
4943
3506
3092
5672
3354
325
805
5898
5828
2610
4330
5089
4817
1387
909
1647
5907
5186
1580
2361
5855
2615
5516
1255
3645
472
4824
1086
1444
1159
2730
739
4665
173
762
2370
850
1566
2267
677
4527
949
117
3695
2687
1025
5694
2945
562
1625
5306
416
4239
4821
2023
1883
5644
846
3320
1439
2005
401
2177
669
573
2938
3390
1422
4855
8
2450
3733
956
2918
1428
3995
3942
1121
939
4856
2745
596
5271
983
5768
1645
3217
5411
2491
888
850
4495
1288
3378
5515
2212
316
3256
3986
5522
3263
435
3255
4571
3353
4682
2565
1646
154
3503
853
3250
4099
476
4584
3866
2120
1800
3629
4610
3039
4830
3456
4678
2207
3322
1241
2874
577
5226
2396
3840
5661
5650
2762
3365
4683
5326
5362
5188
3180
215
2437
1278
690
1020
5496
2809
3171
3124
1419
561
1953
4874
5238
4511
2196
478
1385
3124
5704
3780
1315
5716
3781
4076
3080
2815
3753
2793
2354
933
3007
4790
2562
3696
161
2057
857
3331
5532
2627
3891
1836
1500
3480
347
4047
4309
1731
1523
4012
5510
2837
4079
3642
913
1510
808
5017
4303
3161
5949
1309
1950
2511
5357
2462
4919
565
5792
4451
3191
4034
286
5042
1513
632
3441
5821
2714
4963
4185
2223
1799
2263
216
3063
4125
1023
2080
2427
4183
2380
4087
484
5242
3795
2945
4513
4359
3088
2963
1549
1121
3600
591
2985
4584
4031
3158
1297
2993
1694
3872
5143
4308
4439
2558
2432
5462
4989
5210
3996
1368
3297
4480
962
1443
1776
5474
5802
4864
2788
1350
336
739
2292
3673
5322
674
1182
971
3666
2875
5194
3161
1182
3632
5718
3614
3445
5058
3175
1441
777
471
272
1738
1914
2047
1211
2067
1262
4350
3768
1950
5089
60
5622
4762
733
803
84
4751
4029
5277
2263
5210
3261
2332
3175
705
1389
350
2145
2165
1172
2768
3903
3437
5167
5465
5503
428
3815
3271
2729
3255
3682
2702
2016
4766
3504
2452
3868
1884
1728
130
1094
5340
2461
4620
45
3849
5321
2541
14
493
5309
4268
3929
4475
4084
3784
5254
2250
1406
1983
5504
5439
5036
1872
4204
2892
4323
2072
4775
402
2201
5868
5742
5014
4840
138
2862
4160
2678
3227
4652
2338
1846
2933
1164
5930
1068
770
2179
2825
3104
2035
2263
2139
3906
466
5030
2580
2889
3805
3333
5090
4024
3074
4455
2863
3211
1316
1375
241
4895
378
2578
740
3662
4094
1021
4729
4863
3552
1553
1966
5586
3815
4104
3843
4633
3134
774
1521
1290
4106
962
5313
1532
5416
2528
4742
1084
3902
5334
5978
4279
2264
1069
2293
357
2090
1021
5219
5993
2926
1536
5930
1092
5639
4124
5724
3124
4897
1597
4765
3002
2558
4430
4885
2326
957
3627
3409
5210
3312
3738
3840
5575
4806
132
283
1247
1505
5853
1591
4430
1388
1520
5521
1379
5643
5245
4854
4539
1193
3619
1893
3750
2048
777
427
3004
4755
3835
2565
2067
1924
404
1993
1082
888
2276
2328
2392
2128
3919
821
3516
5790
693
5246
5433
289
4099
4323
1481
1717
567
5583
4116
1344
9
1471
450
4196
4035
2868
119
4791
4861
1200
5678
1488
3880
2421
3615
2150
3593
1482
1939
4285
727
1371
4926
4826
46
406
894
612
5988
5010
1955
5997
480
2757
4192
4515
5624
4310
3657
4836
5862
3686
323
3741
106
3938
5890
3698
5419
1828
2334
498
3551
1259
5323
3596
1665
568
4207
2004
5577
514
2352
409
3622
543
5275
3245
5205
2931
2081
5418
616
2403
3158
1073
692
3047
4770
463
5226
1455
960
2776
2714
634
723
4730
1201
5282
1085
1130
147
3437
1538
3768
4331
1164
1012
3535
4094
3444
3304
5061
199
461
133
890
3859
5254
1704
3085
1060
2663
212
4125
3648
1287
3206
5201
920
4291
330
1066
1727
2219
4833
57
3734
196
3944
1827
3992
1247
1239
4190
2060
1723
5431
5918
1328
1487
3354
2387
4149
3918
864
2149
5556
4069
1349
475
2359
1678
1540
4437
4248
724
4846
1981
919
2789
4159
5262
4387
5749
3451
798
1471
3234
716
3150
4720
4421
5888
3220
2690
751
5368
2245
5172
716
3071
1530
2745
4962
319
992
5685
5164
3324
956
1952
1482
217
690
1230
4020
1488
3052
1253
2555
553
324
1327
441
3543
4017
1191
3263
613
362
3978
4036
2244
723
2997
2562
2066
2682
2077
5390
3989
4380
1223
4205
5069
2805
2224
908
5856
3476
3462
409
4151
5141
1201
1694
3509
2743
4956
4473
3457
3285
2508
5700
4007
5505
2613
425
2538
4689
5814
526
3068
1388
4730
2488
4192
1306
3396
4048
4781
1209
4808
3284
349
8
4977
4209
2750
4284
2682
558
1568
5189
257
5927
5045
3221
351
1582
2261
516
2459
5328
1903
1541
2168
447
2846
5563
4846
1978
1123
3653
5261
1824
4012
4589
32
1113
2872
2713
1671
4792
2254
2279
5070
1298
5852
5772
3232
2112
287
42
1440
2541
1582
3959
2987
4779
3521
2184
757
4995
5836
369
818
4199
4958
1202
5664
2181
3914
1686
972
519
3964
41
1817
4167
5812
5400
279
450
5441
2070
3343
1375
28
681
153
3900
2865
1261
2894
3052
1630
4064
1603
587
5265
1266
3119
3530
2951
4443
4049
1266
4835
5865
5433
4999
5616
63
5448
5408
2132
3142
782
2159
3823
935
58
1039
2547
2951
4090
4176
1366
5692
5114
630
1309
2233
4160
4611
675
2208
229
5509
2424
13
4507
2391
75
4307
1798
2206
1800
2580
4716
5622
3866
4773
660
412
2075
5102
4940
3441
4793
4405
4422
454
637
2581
5064
1663
5140
5292
1524
1563
5304
382
3953
5378
5040
103
1935
840
2682
650
813
899
5422
1825
1310
1849
926
601
5641
70
5006
4062
523
5994
643
5939
2009
134
5230
3532
1697
4534
4265
1
3911
3305
103
5846
4496
3136
847
5308
4034
269
1484
5696
2469
2409
296
2109
2831
5653
170
3705
5647
1164
3643
1655
1298
2873
5538
3346
1758
3802
3698
20
1458
4153
217
305
1288
1064
5965
5674
1684
1448
5369
4152
4209
16
260
1391
21
781
5095
5667
2297
3090
1673
3946
5962
1210
1291
2071
5363
4988
2090
1173
3492
2307
1477
4780
3370
1793
4453
5053
3241
4173
3556
1801
4540
3815
3191
4560
4947
2285
4578
1595
5726
250
5540
5687
1811
830
1757
1174
170
4199
2698
3661
505
4526
2792
3874
319
1596
3278
3559
5768
833
5359
4660
4999
2901
3219
4297
5537
2149
5892
5263
2750
5431
5301
4561
613
1410
86
782
5608
2783
4794
112
1308
1586
4337
1626
3181
1614
5536
3301
2798
5246
2312
1796
2146
5882
92
1683
2030
5983
1297
4780
5766
597
3340
378
2006
3425
1159
1613
559
304
1724
1866
2241
60
3844
5422
2025
3379
3074
4822
2977
5385
969
5122
5266
1061
1156
1648
1395
2452
427
1160
3401
4118
1537
5406
1894
3047
1019
2452
3703
3094
4669
5943
3506
2864
5716
5882
243
2789
4704
3571
2525
5672
2692
2143
1084
4200
3790
2479
1003
4568
3990
4403
2685
5879
4161
4578
3277
5179
1381
979
2624
401
922
481
3265
989
363
3859
4130
5066
1429
654
5089
4472
3148
525
2671
937
3003
4026
5504
1344
2428
2540
1222
588
1469
4499
118
2849
5829
3094
3250
1102
3574
514
2091
3936
4372
220
3353
5800
1225
2794
4271
4373
3318
1294
5309
320
5319
5165
2015
2098
1704
3237
2686
3173
2087
3155
373
2267
248
3974
3369
3822
4487
5459
2109
3210
5678
5462
3361
902
2607
1984
5274
5924
3277
4935
595
2947
4451
2609
5044
506
197
2081
4030
2283
5236
4403
4550
5835
2376
2270
4008
1215
1728
117
4776
1757
5930
2137
3010
2536
4472
2636
2811
2100
1570
3405
5046
372
13
4441
877
210
522
4907
2844
109
3661
1745
295
388
4014
4303
1954
93
4771
730
1849
5052
3218
4859
1939
2041
1846
4749
4140
3415
2153
3537
4138
2517
1977
5014
2726
2850
4272
5922
3310
1932
2018
3605
2672
384
2259
4625
476
1029
5706
2677
432
3275
1887
2722
5315
3732
1470
3806
1498
3974
1342
5635
490
3671
5000
3568
520
3272
3841
3830
5555
5858
1786
2226
241
4044
1203
1069
5424
1260
3745
207
4887
5983
2928
4201
3714
4397
2007
5563
2722
3700
5197
3211
1370
4196
1130
2242
1819
4970
423
1374
5180
2208
3951
5420
603
5505
840
378
765
4584
584
5651
4918
3511
4203
2983
2259
561
2545
5332
4261
1741
2894
5982
289
4024
2223
2107
3345
2645
3832
2524
4852
1783
2296
5806
1287
3135
183
2403
2071
766
2405
988
4628
608
3971
1238
1168
515
569
5780
2608
3463
5762
3248
1838
1984
5706
5182
4629
3538
1706
3832
5320
4001
3638
958
1135
4172
3361
3205
4938
5765
4545
3917
724
2515
5155
2244
3381
75
2023
5988
3889
2136
3587
5726
4120
3293
5260
3100
830
965
1283
501
5317
5272
1458
803
3444
5170
4008
2733
5287
2904
649
362
5418
155
2605
2798
582
4628
3138
4470
1115
724
4548
5234
4016
3807
2685
4845
5123
3968
5697
4439
3591
1155
5241
1034
676
3600
3766
314
503
4767
676
272
4921
3280
3070
5854
2259
559
4324
3374
1282
3223
2959
5650
1029
5996
4846
151
4315
4543
4941
1905
49
4181
2939
724
2133
704
1390
2635
5470
2065
3259
4743
5696
680
4596
2307
1238
3271
32
2519
493
2990
2520
1873
2985
1366
2375
1299
5908
1315
3204
5956
5848
494
1031
1980
1549
2420
4966
1371
4836
2224
113
4532
2903
5060
838
4140
2683
869
1011
3175
4210
3530
5048
1547
4895
1422
3197
4802
3089
400
5109
2936
1245
140
4915
2794
2911
4232
4164
1747
456
4628
278
3710
3687
1467
1850
369
2687
3212
3896
896
1093
3295
2794
5988
5068
5991
5141
2156
742
4602
5443
1987
4741
4357
5132
2003
2589
3295
3749
3396
1922
4378
1105
5960
196
3306
681
2882
869
4928
4130
1962
2222
923
2301
1641
913
1793
4149
2007
394
3591
3993
5486
2300
3124
1489
5240
770
5237
2635
3043
3967
4091
3354
4162
1397
4386
1044
2265
3313
5525
4578
5886
447
878
1879
1712
2671
27
3718
3064
3617
2062
2902
268
5537
4390
5507
306
3978
2493
3700
1944
584
1053
106
2332
5439
1501
4948
3103
1025
3526
2989
1471
4755
4867
3534
1425
5245
1603
4841
3213
4016
1742
3481
3552
131
3339
4209
4460
5832
2260
404
415
3313
861
3098
3103
2361
2397
205
3385
5922
3545
5207
5029
2763
3093
453
2007
4695
5645
5220
3063
1386
3052
614
1868
390
5175
328
221
1434
1083
987
5098
1943
4436
2552
4303
833
3109
2039
1106
1005
1245
134
3768
4689
587
126
3384
583
5697
446
1969
2748
1411
4188
3490
937
4867
4062
2723
5949
5049
2172
2243
3836
4724
897
4668
1832
2935
5774
2836
4532
259
955
3220
1197
1081
955
1780
1129
1752
4100
3877
3515
2287
1718
4451
1154
5779
1525
1454
5179
3697
4049
3015
2420
4945
2034
4603
2232
1807
1790
763
2418
2745
4334
3614
4177
5641
5393
5305
1392
3492
3533
5258
131
5250
4061
1636
5381
5585
3441
4559
3281
1489
1573
52
434
3607
4654
2665
5765
444
3779
2534
3540
2112
148
2068
2104
5892
1372
3848
3384
5257
3105
3866
4858
1517
5853
4238
1102
3293
2797
4734
4782
4721
4786
5567
2679
3791
2583
2796
4586
361
5329
2477
2824
5476
4544
5280
5720
5916
3127
3455
5172
583
1320
4029
2100
1172
2619
3201
4464
5415
1934
3597
4487
1071
3515
1518
4862
97
4313
3799
457
3993
276
3633
3821
4819
2912
3540
5086
38
994
4257
972
2313
2638
3071
3836
5608
271
2651
5022
2557
248
3860
3979
3762
5377
3192
4211
4041
991
5019
2034
1618
2651
5854
436
5914
3393
5522
303
4386
4130
1275
1050
1119
4345
4885
726
4968
1535
99
1876
2134
3959
5854
248
3687
3046
4458
1728
4388
3476
3761
5
479
3614
792
392
1358
313
1047
5743
4795
2321
792
5913
1017
28
639
5984
1562
1089
1859
4048
5047
2065
4295
3086
5110
3104
4813
3849
579
2925
3853
1057
890
4996
1801
2247
5309
2847
1989
4103
5167
3132
4367
183
3511
5357
519
5424
446
2377
3471
5844
4441
2117
2929
3902
5220
2093
2102
5799
5017
5954
1207
5906
4950
3007
2504
4610
5853
4844
3064
5371
1975
1430
5906
5485
1139
424
4909
1584
3152
2731
1427
1945
4848
4708
198
4067
800
2300
4217
5817
2605
5424
74
1906
2782
2578
515
2635
1421
3930
2357
3748
5712
2262
3584
850
3037
2492
2433
541
5575
4211
2485
4422
2918
2682
2840
3718
4981
1057
3886
1586
832
3959
3491
3613
888
4358
599
2309
2287
2956
408
1998
5569
3991
3199
2606
835
5631
3146
409
3842
5982
5182
759
2663
2021
4828
1996
3077
2713
3933
4260
672
1423
1873
1911
132
2471
4219
2419
5426
4978
4768
5347
2969
1967
1952
3803
1949
5449
4563
142
5782
3744
901
2444
5764
5728
4791
3193
2793
2723
1452
3464
4146
3324
5374
4629
147
3945
1399
5572
2922
167
4918
242
2485
1221
4044
4785
1021
2958
4927
802
701
179
3598
465
258
2388
4009
3050
5111
5460
865
3608
3136
591
2236
3282
4535
3635
3205
1808
4153
2475
2050
989
4047
445
5773
5068
3403
4699
221
4455
4877
3818
5271
5135
206
3279
2536
5668
3091
3401
3275
578
3991
5862
3859
2877
3496
1415
4684
2000
3889
1085
2988
1936
1882
3113
1355
5636
1811
1575
4090
1040
5393
3361
526
5950
639
3413
5617
4081
813
3243
4658
4803
3104
2868
1679
952
4283
715
3303
2523
2151
291
4810
4032
3755
164
3667
5917
2091
2109
956
1835
5469
1833
1784
459
5246
1752
4540
410
4994
3549
5213
2097
417
1243
3400
5051
1957
703
1925
4460
1345
1087
2491
5099
1602
510
5015
3692
2618
323
5526
2438
2507
1309
3248
1752
3060
2139
2162
2405
5688
1726
4854
456
2968
2253
5858
5277
3307
2134
3736
4651
3220
578
4101
4822
1439
3116
2513
4408
3790
2039
845
296
3699
4445
2400
1111
583
4913
3867
622
638
2720
1077
3957
5325
1286
3585
2631
3420
1672
1634
639
2250
5734
5460
4040
3201
1973
2448
1342
4363
3644
1638
2413
2088
4037
3875
3023
3301
1742
3644
4290
4813
4721
2246
4137
358
183
1120
3777
1854
2753
4416
4455
2838
3875
2495
391
199
5294
1732
4913
2937
3369
1678
5377
1757
5552
2399
5409
1645
42
3698
810
5114
5944
4946
5472
126
65
3248
1979
3169
2015
786
359
242
3280
749
440
2573
2480
5705
5861
201
1382
5237
2309
1285
1987
1718
3282
2029
5415
4091
1494
5710
3388
965
5835
3805
4565
2166
973
931
2951
1683
1172
582
2431
1964
3154
5263
1668
3014
5463
3401
2603
2123
5037
4589
4192
2318
969
3607
760
2463
3316
4148
3779
3503
2304
2695
20
3628
3626
3322
5311
4797
3903
1741
760
1408
1355
2779
4773
1169
179
1727
3292
5216
316
1483
1885
1636
5441
2645
4098
3109
1144
2229
611
3799
4923
982
1426
2900
4303
1088
2049
2557
2829
3160
4316
4535
5939
3440
5704
469
5167
2995
36
5834
4829
1921
1469
4270
4917
5919
1730
412
2499
2340
4210
1773
3673
5987
4673
2327
1075
1073
4883
4255
4232
3550
2789
4170
1341
2492
4991
507
5838
5026
692
5019
1298
2513
3640
566
2783
5369
1329
5281
2060
5890
1053
5732
5877
77
2058
1303
1149
1292
5557
5733
4841
2697
3902
181
5189
3244
1040
5378
2270
2083
4748
3919
4595
2387
4837
1377
2107
165
1009
4166
55
2414
3897
5931
2490
306
1585
3991
1597
1141
3723
789
3837
1976
1322
3377
5220
2361
3107
1841
4443
1854
111
3390
4593
4947
4766
699
5112
127
4865
5166
2540
3113
5448
5029
3419
1032
3371
5015
2524
1093
156
712
3421
1477
4089
2640
3837
1547
4832
2631
3752
4942
372
2344
3889
5490
3395
3352
5616
2611
2517
2155
5723
2316
1535
3493
3699
4906
2860
222
350
3015
933
3770
4491
5373
761
2679
919
5944
5661
5023
4886
33
1718
3126
5522
5112
829
5489
1722
3345
1643
1797
12
3177
5289
3710
2434
2500
4283
2784
5514
5567
905
4356
4940
2018
1386
210
1961
1399
5232
1198
1431
1302
4323
1304
413
5151
792
2487
2847
2786
4283
3210
5962
3923
1271
2396
775
5553
5531
288
5120
435
4996
4411
2452
733
4972
4765
2131
4556
5962
3913
5857
4637
5216
269
3787
359
2755
986
3144
1389
4547
3458
5664
5818
205
438
5722
5735
1077
5193
521
424
3603
3325
1157
2927
2089
3287
1482
2402
1200
1338
1038
767
1958
5177
1478
5065
162
4621
805
5060
2430
468
4877
2634
905
4599
2720
2334
3791
3241
2757
1746
917
4265
4672
3357
1552
505
5758
3103
1842
796
4221
3799
324
5698
3215
837
4671
4020
5896
1100
4487
4773
3734
5744
3723
805
2429
1865
4045
5185
3962
5313
3450
2985
2669
5353
3489
2779
2807
5330
3926
1027
3481
4249
1077
695
5085
5747
5066
4980
1198
3553
4104
5283
3648
2178
88
76
4043
4484
5612
2356
3797
3061
5341
817
2765
2829
3595
5571
2511
1520
950
343
120
2026
1389
5204
2124
455
4536
3321
4007
2991
2604
2006
5169
2691
2081
3563
1174
1692
5918
4970
5105
5258
139
1869
2439
3733
1792
4949
5605
2741
5291
76
5118
1031
5280
1241
1485
4167
4913
5843
1157
1516
1848
325
4558
3928
3887
5732
5972
3805
5053
5076
3414
5191
1296
5852
3276
3087
5152
3232
179
4794
3307
5296
5825
2938
888
1309
1104
153
1504
2613
1668
3351
2937
226
1631
1176
309
1602
5332
5361
677
2745
4904
1972
2949
2531
5411
2100
5762
5589
1246
3420
5237
1070
358
476
2730
1813
628
4233
4425
2648
1584
1714
3225
3214
2889
3533
5167
2572
3245
5843
5668
2148
2166
2616
5030
1928
5068
5143
1517
313
2563
1105
1382
3272
1932
4111
5084
2560
2696
3861
5207
4279
5574
2431
1844
2814
315
1010
5737
3559
1204
5404
59
3721
2020
5088
5649
1439
4231
1517
1751
1145
2621
3484
4416
4552
1946
3851
1463
4641
2063
1021
2919
1988
3803
5114
4801
4117
123
4537
2028
1678
4293
2086
5399
312
1525
5047
1750
5755
563
3852
1251
3535
1335
5666
2086
3280
3869
3549
1921
5931
4921
5191
1919
2724
4305
1071
1192
4779
5960
3219
457
4252
5304
5855
4915
829
5253
1016
935
5815
4867
2186
3349
553
2203
5786
3832
423
3686
104
354
2607
5295
2272
5330
3951
3694
521
2729
3653
4092
3537
2256
3395
3391
1170
4575
2643
2185
5862
2809
1403
2399
157
1955
4601
295
5787
5024
3980
242
5729
586
5888
2352
267
3838
45
1140
919
4050
5231
4455
305
2977
2198
1475
1904
4840
4011
1765
2001
5414
4163
2509
1368
3115
2803
1506
2490
783
1748
2218
1720
1635
4569
2339
5473
4966
3478
743
3015
3060
5197
3319
388
1394
5145
2291
586
3156
4055
2586
2569
2569
5446
3936
36
2249
5794
2525
3383
1541
5095
5102
3175
4015
1440
2999
3332
5269
3741
346
2680
2938
4017
3068
4683
3513
5358
5620
668
3765
2557
3588
685
2003
1876
720
4251
1669
3597
1985
3209
3043
1086
735
1057
2878
3734
4741
2498
1474
5086
5178
4763
3454
2245
3798
1319
1954
3417
2338
5718
5974
5926
403
1976
2153
1474
578
4173
5422
2562
1733
2464
3999
2467
3873
1228
552
2613
4078
2026
2050
3255
1140
5504
5851
4937
1174
1804
2706
3511
1874
2679
3788
2628
5006
5940
4101
5583
4112
3523
2496
5844
338
846
2663
4210
2074
3214
822
151
5591
2872
3757
731
2727
3607
19
4252
5762
2724
1762
1635
5754
5550
4262
4759
5841
2715
4693
4305
237
1188
4500
926
2034
1162
5136
4459
4376
309
4961
4318
3532
2717
5048
258
675
5419
4509
788
2494
623
2423
2248
172
1036
1006
364
3750
5699
4668
4338
1238
3168
5264
3271
4329
4399
1729
3056
5059
689
1374
2591
3757
773
3200
4783
543
2061
5571
3037
2683
1993
5284
3206
3028
641
3569
1130
339
2237
5467
1577
5756
4730
5199
4436
3480
928
1492
2891
1968
3217
5481
77
4341
2680
4859
4884
4740
4781
1920
1774
773
1203
4979
4153
1843
2548
5634
2534
5136
5100
4110
4891
4182
3308
3326
2013
4587
5169
4903
907
2737
4735
1335
1078
1415
545
5961
506
5326
1880
2280
450
3434
1610
4954
5276
4509
4587
1809
3644
4039
270
2886
2572
3930
564
4584
2868
84
3839
4126
2821
2573
5460
3898
4339
5
3858
5197
5682
89
1828
131
3522
3437
5085
2797
1946
4023
4958
5941
2061
5579
2827
4632
3508
3742
3568
728
3825
1406
4853
997
4330
4665
4894
3021
5021
3103
2217
4702
3191
4044
4832
1064
1480
4268
4213
3777
2643
3170
3718
4703
3100
896
3687
960
4989
1606
1687
2813
3011
891
4162
1692
5555
3055
4712
4575
510
928
3276
4052
5323
2460
5116
803
1079
3328
4931
3721
849
2648
2776
3948
3895
814
4907
2883
2419
945
48
5781
2188
4209
1472
1742
1615
536
669
2124
1815
4296
528
1138
755
5643
1940
2186
3322
1222
5906
4170
3870
3033
2469
2116
3846
1728
4999
264
2672
5398
396
4859
3958
2220
953
5572
2755
1621
2048
4569
5916
2575
5706
1023
2569
1997
3208
5890
3219
3465
4059
1440
498
527
3555
4343
2254
2905
4959
5278
2654
5706
4488
611
1925
5440
535
5031
1412
2582
3600
1328
5508
3657
2350
2076
6
5909
1965
3576
3373
375
5367
3870
901
3273
2565
3507
178
1523
2784
3183
1228
1271
3794
3505
1063
4328
2535
2474
1261
486
4153
768
4495
502
2843
4500
762
5159
2427
4135
5533
1793
2004
433
5065
4568
3939
5594
442
1074
2777
2022
2697
570
5526
3759
5249
2412
584
509
2898
4737
1276
1392
5590
4470
243
352
3628
3021
4486
3160
4813
841
3592
3877
5761
1883
3823
202
3308
599
2575
356
1520
2452
4466
768
4864
5050
1628
2113
3786
3255
3856
3727
1724
4450
4078
5351
1470
2563
2862
282
3756
453
4510
3516
2687
2332
4069
347
3282
644
702
4801
3095
5168
5920
2310
4569
1899
4422
2354
5153
2629
432
876
1078
4510
578
2547
1424
3439
2828
5179
4244
1690
2694
1282
4021
1115
1628
1303
1758
2682
455
5204
1849
727
1514
417
2625
287
3122
2130
2916
3553
3005
3993
2414
3935
892
3838
1725
3719
3368
5968
5408
414
1602
3781
1528
3581
5435
3285
262
5889
2840
2462
967
4705
3230
3592
4992
351
5721
2259
4256
3077
603
669
1363
1494
4858
3088
5565
2578
3407
4972
2991
5008
3104
4870
2589
2538
2506
2850
2779
5345
5664
3745
4050
2893
1688
3393
3596
1760
5651
1851
5189
605
2871
551
2099
2081
3638
1663
4658
1397
986
2000
404
4442
869
3344
979
3374
546
3757
2718
209
1854
1119
3101
3541
4511
696
5301
4513
2898
4489
5118
121
5391
1568
2201
3381
3582
1210
4777
4919
3209
5180
3360
4429
2876
4339
1802
3421
2447
4871
3629
4300
5990
1081
2193
4852
2129
1845
3365
5026
685
2834
5146
75
4401
1698
3455
2334
2907
2231
1252
467
1763
4612
4895
4638
3302
696
2410
100
5919
38
4752
5908
1470
944
4759
3598
3140
2475
2624
3824
5308
2121
4250
4060
3819
1705
393
1077
4287
1997
1544
401
608
790
5390
4261
1838
1799
4360
1756
2188
3111
2015
3658
4406
1125
1255
1545
3600
4230
5720
2907
351
3970
1319
4521
5674
1711
5949
4312
3707
1492
5065
4666
2634
4454
3278
4471
605
1990
578
2792
5100
2592
801
3858
3716
2408
5754
1315
637
5474
4574
1339
3443
5892
211
3468
1954
160
1779
13
2003
1195
4678
4636
1
1956
3458
605
3945
4035
3748
3396
626
4549
1605
4694
1308
1359
360
1944
832
4933
3635
4274
5176
3845
2093
1130
4004
4223
1142
7
5418
171
4994
5418
2478
2452
374
422
486
4121
4170
1464
3021
5774
157
4328
1484
516
624
2315
5801
4258
940
5328
2454
3384
457
810
1607
1950
1168
1024
2473
161
441
4950
2964
1166
5724
3450
5286
3893
5265
2307
4018
5773
986
5854
640
1609
2520
440
218
3812
5768
3024
1195
576
3833
2801
2878
5352
3824
5350
5864
4616
4299
2828
5781
4022
629
5419
2266
5893
1725
636
17
3062
489
656
4671
3360
1096
5240
1171
1215
2263
2366
1790
447
5166
4667
5798
3342
4016
5662
2309
2667
2841
2442
688
3469
1860
3306
3713
3936
3941
3729
997
4781
4384
19
2140
5831
5259
3311
1045
1521
28
3187
1968
5193
2205
2117
2886
221
1778
5195
3239
4618
1988
3926
2438
3847
1583
150
2134
5523
4230
3130
4655
2614
3501
795
2444
2759
4457
3841
4631
4484
1027
950
4028
3231
3067
1266
3803
5196
812
1041
3814
2799
5319
603
997
901
753
3130
776
4982
611
5782
1947
4111
576
4743
869
5384
2935
5852
4219
4313
801
2599
1895
3867
3864
5698
3063
5027
1090
1228
1825
760
1830
3173
2013
2934
302
3140
2268
1264
2921
4566
5375
3849
3308
595
3232
242
446
1803
4554
1247
4401
449
5465
2616
498
2879
1642
1939
4106
3466
3051
288
638
5063
3573
1291
2202
192
2554
5474
4758
2280
3322
2065
2875
554
2659
3320
2356
1564
4918
1108
2364
4735
3723
3213
1613
5364
5152
71
3181
2202
358
4170
1616
4282
5460
4169
4474
2365
3642
3231
4645
964
5647
1871
1869
2657
5542
4576
4221
4460
5683
936
3194
3405
4149
4806
3120
3300
5228
300
5853
5585
4821
1820
4219
4632
5988
2692
996
3981
274
5992
5296
5920
1862
1164
2577
1756
5739
1149
215
5773
2084
3760
3529
232
2917
648
3883
2145
1299
4087
2081
119
5906
299
4750
245
2990
98
4578
3263
441
3873
3535
2655
5037
463
4410
5127
1611
4976
4900
3694
2735
2780
4278
5651
3428
2512
2147
5078
599
4228
5549
856
4878
4650
1453
2220
5099
30
5834
5540
3902
3368
2194
3290
3830
955
2417
5440
5930
1668
3486
2664
4447
2115
2666
2226
4626
5165
1656
5224
3392
1204
432
2621
205
1884
4840
5304
1913
4674
4843
166
2393
1388
3456
223
2342
224
14
2271
2243
3851
5286
689
5965
2303
3267
4591
1467
4922
3814
5210
477
4597
1831
681
480
670
5984
2744
5695
5178
2910
2088
917
717
2662
3258
1292
2675
5880
3534
878
5165
4574
842
1820
1840
5432
3286
1113
3598
2496
1941
2194
4678
2974
3026
5699
3309
5769
5394
2487
3030
1833
3755
3746
4494
1013
5037
1520
1244
2922
2397
761
1496
3591
2580
3687
3022
217
5152
971
2712
1092
3517
1741
4417
542
1440
1726
310
1185
4564
3340
3017
2318
1437
1862
3682
826
3381
4926
3747
130
38
5242
3720
2617
3281
1093
2833
2432
2416
5897
3875
5932
1637
2292
825
3428
4369
1134
4612
2932
4825
1980
5601
614
3841
3283
1439
1574
2560
5185
1703
2597
4779
5774
5565
2059
866
2397
4842
3281
2645
2716
3564
4634
5359
4388
2413
3727
5874
1377
1010
5050
3356
611
5663
1549
4245
1101
3122
1156
638
5176
4104
5768
4949
3668
2178
166
416
1019
3447
3061
3734
1362
2046
3445
5750
4458
1171
5623
5834
2181
4672
3542
3143
4687
5090
1739
139
2563
2894
776
1738
997
895
686
5016
3072
1203
5431
4442
5001
2843
2176
363
5240
5972
112
3698
1142
86
3883
3674
4757
1424
1168
3795
513
2906
3934
3075
5799
5061
5164
1147
5956
201
162
3379
1404
5945
1821
404
3139
4348
766
2379
4319
1229
76
5812
1314
4310
3486
423
5734
4653
4217
598
1911
2150
4025
2061
1563
3540
3208
1518
3741
3721
5248
5496
4017
1068
5899
1156
5767
1017
3534
4085
2245
3961
3897
3559
2622
1734
3981
2707
738
2197
3657
2648
4699
2033
4709
261
5572
2268
2130
3312
340
1377
3159
4357
2797
3058
5864
2563
4074
3749
648
318
1709
4896
3876
4330
981
2208
1037
1718
4405
5045
4718
3455
1077
3778
3715
648
397
196
4312
736
1572
1470
5444
4368
4527
5307
1283
2952
3055
2282
3622
5115
1529
1497
3797
2509
4057
5185
4578
2461
4229
3647
267
5305
1424
4333
5952
1820
4528
4615
2908
99
85
2351
4819
4963
1658
453
2267
5064
2734
5888
4179
4262
1736
1975
1122
5792
1511
5699
2604
5739
3346
2870
5043
5121
1202
5346
1293
5729
3961
4200
180
4397
550
5350
3711
2559
5802
5977
1975
2535
216
153
1148
1952
2479
2269
1743
3989
2319
4347
4079
16
1568
3121
5137
2770
2818
781
2850
1130
4980
3381
5878
5881
2730
3589
2792
2883
3917
4766
5769
4133
5270
916
436
2100
3536
2530
440
5855
1228
4518
5870
2796
1990
5358
5917
4807
138
2766
289
5469
147
166
5350
3228
4106
2493
111
2023
1258
5879
507
527
1147
1294
2626
4682
3823
3417
4536
5051
1934
4758
1846
3923
4467
2114
3081
4957
4879
3369
4425
5377
3887
4126
2605
1992
618
2715
4366
2227
2945
4872
2753
4091
517
5730
2773
4340
3146
1660
3742
5431
769
5939
3705
5588
2052
786
4544
1282
4506
3320
659
2744
1798
3615
4736
2767
681
3101
4994
3625
2325
2098
1716
3193
2180
4840
1532
5325
851
5625
5108
1972
5563
2812
1559
1614
3949
102
2896
2455
3773
3906
5198
5570
1520
4285
2337
2200
1738
1682
176
4414
3779
1891
1606
310
1082
3138
5635
2285
2762
5094
4256
2677
1905
5814
4642
5854
267
1889
2660
4039
5794
2209
3961
1313
494
649
3864
2583
2330
4040
996
460
282
2601
770
1716
5738
756
4000
2852
5849
2607
5880
1753
2420
4521
1958
3038
410
4617
1076
203
826
5036
1868
1671
5684
83
4253
2365
4122
5248
2825
4756
1848
3946
471
1938
4701
4822
5141
4901
1428
5020
1005
4199
3540
2963
1236
3949
1931
2663
4504
3108
2051
371
4778
1734
453
3030
4451
4927
2629
1627
3682
4829
5572
4504
766
4624
3325
5906
3524
5104
5277
4880
3302
2816
1842
4889
1117
4125
1551
5620
1232
3601
342
10
5687
1146
3391
4137
424
372
5763
4457
5200
5686
2960
317
4309
636
574
1832
5739
5850
1063
3392
3017
3257
2280
4133
1381
3831
4104
2612
1783
4797
2973
1469
5943
716
5957
718
1439
5719
5175
638
5404
2134
954
4064
2770
1527
247
2860
1728
1310
252
4744
4566
2531
2877
5946
713
1332
2909
2496
129
234
4316
71
1301
4273
1140
2739
3991
314
3376
3747
2448
4681
1810
5569
559
2057
2428
2286
3366
3031
1029
2283
5562
4257
2580
274
5589
5488
3121
5717
5721
1437
139
1021
5709
1278
4111
4051
1592
1486
2149
4391
518
4311
4311
1076
367
1090
3361
4084
4121
4390
718
4034
2646
3297
4659
2586
2784
1780
2302
2857
3216
2792
4229
3276
4070
2340
1678
13
4177
3827
4403
4695
2137
3065
5770
2855
4154
3483
1290
2274
1872
2007
307
4869
5303
4966
1455
2438
1097
3756
5294
4664
548
3875
1939
4969
566
3968
4981
4742
1794
3735
3788
3930
1151
3910
1136
5304
1392
2425
1578
3263
4431
2236
2483
3733
1553
3937
523
2649
2045
5816
1664
2944
4042
3602
2264
4607
1570
1596
3701
3715
5330
1840
1997
480
5749
3132
135
1140
5557
2064
4754
4339
4300
1237
2424
204
5173
2946
3205
1569
3113
4868
4512
1155
2822
775
113
4743
2370
4165
2457
2051
5
4453
2882
105
1937
3369
1245
1493
5432
5998
5831
4083
1586
2606
4287
1111
5551
1843
2679
2664
710
1543
3818
3531
2669
4282
2273
5391
2799
5082
1441
2803
3534
4675
3259
5470
2043
4503
1314
1474
4853
1497
5909
790
4102
4547
1900
3653
389
4931
668
1098
473
4837
4629
3141
3118
1253
2531
5916
334
4324
3070
4220
3350
329
4041
5392
5183
5355
1217
4387
1203
1125
5177
5656
5671
1076
3660
59
6
4327
1509
830
3163
489
4323
633
1741
853
548
2427
5528
3970
998
2877
4298
5038
2620
3832
4744
3837
2219
298
5313
1395
5954
5336
2822
3613
5746
3180
2292
1254
4009
5454
1742
2331
86
3835
3536
986
613
3415
5307
1610
292
3956
647
2911
1787
5391
1099
4005
5688
412
5751
5993
5747
2925
3606
5844
104
5897
1098
4464
5702
3191
1147
140
1025
5034
1125
1637
2448
431
3598
3091
4738
4245
354
524
3987
1452
4881
4026
2215
4631
4371
2313
1907
1976
2157
2010
2224
3606
826
2277
796
1972
2416
1821
1357
3892
3809
3804
4674
1407
1247
3411
3
1600
4287
4341
3403
3167
2718
5970
2149
1088
2634
4056
3063
4790
417
5638
2395
1242
2267
3191
3565
4682
5363
4921
2926
3523
3077
1951
5281
4323
5362
5635
274
3648
3975
4028
1166
693
3997
3314
1780
631
1369
5195
5772
2138
5184
2167
3379
1450
5709
944
484
5423
216
3761
3297
3292
5711
2578
1614
5072
2564
2239
3071
539
267
4236
1583
4615
1550
3714
5245
3270
3260
5017
5759
2444
1535
3138
4245
1595
4433
5080
1017
4648
2840
4313
2292
2551
1242
4257
1974
3806
496
5045
4696
1114
3632
278
5728
5533
3991
4973
3155
1603
4341
2913
4046
227
402
2642
1821
4834
1722
3189
3834
4561
1501
477
1463
3095
4733
3437
900
5580
2833
5595
693
464
224
421
5997
4566
5745
3503
168
4437
415
4565
4663
817
1207
835
2
3280
4023
3835
2192
5875
4311
3655
2969
3396
1443
4220
2975
4275
4166
3668
5090
4389
4440
5438
3307
4184
2940
3474
2620
3355
2391
1634
4171
3949
2468
4172
1228
842
2359
3419
716
1021
1425
4037
4416
2867
2256
1391
1493
422
5410
583
5162
3849
20
2468
2384
2960
294
5003
314
2684
988
4836
632
3807
3359
2211
4648
69
5629
5715
1090
1406
3751
5857
4272
359
1599
5765
1132
1008
699
293
4856
718
3113
1239
3677
3406
593
4342
441
1932
3529
1424
5738
888
3634
4737
1308
3262
4804
2397
5019
2554
2606
3291
3264
4204
3407
4395
5212
4105
4688
4419
4822
2152
10
2851
5557
954
1544
349
2886
5073
1772
2975
312
5405
2064
1619
3018
867
4368
2037
3772
973
5679
1036
5176
3085
5430
4739
1541
4469
3510
362
620
3519
3564
528
4824
5108
876
2061
4532
2999
5036
4843
2755
1451
461
5773
2317
4828
2161
440
152
1839
1475
5328
5275
1257
4418
815
77
1927
1528
697
5797
5444
1576
4973
4551
2804
1033
3082
5802
420
2276
2557
1870
3088
2681
4538
1916
5193
4978
2419
1383
804
2098
1009
2412
516
2175
2489
2794
3702
3537
2943
3145
5112
1915
2047
1915
2947
5480
2069
3367
1755
4977
5588
4843
2009
4126
1110
1201
3455
3528
2935
4258
5626
3943
670
493
117
3510
3286
4170
1046
580
1667
157
2494
3713
2424
5441
3545
4844
3159
5299
3820
2746
4493
180
1223
5954
1732
4677
3482
4666
3287
3459
2960
4308
4303
3428
1817
1940
1597
3214
2520
3263
3370
5013
1328
145
4805
4872
4988
2315
4522
3159
5413
3367
3338
635
3320
5069
5664
1153
3734
3302
4963
1045
1961
3265
4472
3777
5205
69
1342
2076
3683
4711
1088
5010
5208
245
4233
4195
2559
2755
1354
1971
473
4691
2958
3792
3760
2973
4945
1845
274
3907
3242
2234
1524
1713
362
728
2133
1703
2803
5816
765
4242
5177
5972
4838
3410
4167
1749
516
5872
4071
988
4562
1028
4779
2673
4000
4075
4870
4273
2334
2111
858
3857
3823
1219
4936
308
2921
2090
123
4038
683
5651
4009
5521
3060
2527
1269
3927
2398
5339
5266
960
719
4397
3984
4718
2471
3205
3343
5156
5315
4552
3012
3490
5771
2299
3797
3043
4388
4271
1080
5071
3921
5089
4943
1333
1967
211
5259
4365
5549
4877
5676
619
3273
3659
5337
95
1216
3031
5251
530
1582
2614
4371
1704
4913
2519
4747
3652
789
178
3074
5062
5618
2016
394
1585
2578
4
5949
2479
5232
5976
3097
2504
3986
2785
2599
5201
167
1849
5731
1749
4814
4453
3804
4078
972
2902
1730
2112
3080
5155
1173
3049
1523
1918
4985
4100
2274
5285
578
1505
5260
4027
4361
3246
811
959
2446
978
3159
2528
3078
1972
1333
881
50
2304
3783
2131
4767
1214
1285
5940
4614
3159
2209
3599
1259
4834
2883
2188
691
2143
214
5051
5740
1025
361
2185
2002
3519
5065
5431
5842
397
311
5891
3052
4445
2373
1818
10
3658
2109
4624
816
4318
2222
2426
3503
5104
4614
4193
1598
4827
3595
1337
203
3955
3874
2556
1825
3290
1986
1667
3686
2649
1909
737
1093
4282
2906
1103
2291
5015
5726
3106
3684
2299
5884
1186
1402
4497
5731
3352
3675
3677
4688
4230
1632
2913
1137
3456
202
3123
5474
4239
123
1383
4975
1215
5664
1881
2669
1954
1247
2746
5411
4930
5044
5294
467
798
4142
197
4149
2169
3874
3188
398
5857
101
1886
3664
654
5008
3138
4893
5130
4872
4219
697
4535
451
3717
840
1697
463
250
978
5858
5896
1445
655
4037
1993
5155
557
218
2695
1306
74
3147
3192
4090
3800
2199
1579
3044
1681
450
1263
2729
5336
1713
445
175
3762
1259
776
4739
1469
671
183
2475
5060
2176
1630
5616
2393
4676
922
2819
1822
4113
1260
5973
663
2838
3017
2695
3639
4279
5775
3326
343
572
3500
4104
1830
4627
2843
3298
5298
3025
5773
4357
5552
1754
3972
2297
429
5245
5467
2602
3357
726
2574
4372
3915
5590
1066
1905
4220
1193
5230
4563
1764
3081
2666
3593
1707
5860
1243
1004
2885
1367
5712
2788
3472
3684
5084
4252
2928
4902
853
637
5627
3778
5008
3893
3720
425
5797
1939
1617
5026
501
3380
2458
3519
1325
4165
3378
2919
5520
614
4637
5232
3402
2108
3267
2837
359
194
1739
1563
1182
1717
5692
189
5610
3411
966
5406
5702
2934
4784
202
666
1593
4072
1990
109
1802
5260
5981
2415
3896
5212
168
3
2478
3357
713
3023
5447
2627
4205
1163
2318
4745
1124
5729
62
882
5430
2996
17
5983
3661
1609
4407
2
2070
208
5261
2050
2974
3156
1261
3494
3510
4090
1202
4222
1464
648
1200
20
2162
3517
5117
3638
3597
5530
4519
3378
2525
4887
3713
537
847
2471
890
2916
3030
150
4965
355
3657
577
3848
1518
5018
5401
91
834
400
1290
853
2562
5159
321
551
2755
5851
5421
485
2727
4307
4549
3264
5153
1019
4505
2069
4048
5007
1385
4402
2663
1962
2602
4533
1331
2002
4623
2164
2402
5913
3369
5315
5071
3689
217
2177
3891
5637
3013
618
3943
1561
4233
3095
2931
2737
5515
1330
1743
900
84
4758
3213
2685
3290
4543
5038
1912
1059
1791
2176
4427
1457
1598
2467
1673
4127
358
1309
1491
975
5603
3052
5207
3050
334
1943
2564
1664
4038
3815
1747
2795
1379
4783
436
274
3820
2699
1332
5963
4875
110
1419
824
2576
3444
4950
2933
4752
441
3907
4707
3844
3465
1756
4177
5760
4671
192
3797
2486
1938
943
4216
1072
1378
4489
4892
4076
172
5206
3302
281
624
4126
2857
4067
3427
5789
3171
4219
4048
1877
2414
1512
3984
943
1271
2654
1134
5419
5491
3424
361
3707
4495
1738
2547
3738
166
2719
2943
3819
3351
3919
2296
559
2337
5723
700
5859
4293
4747
2087
1059
610
70
2353
1881
3076
3838
1651
2566
1261
2012
624
108
4101
3171
4197
4618
241
1492
2437
3591
5762
4732
4502
2098
4806
5201
2309
3451
3947
4395
4509
4908
4817
861
1140
1892
4698
2791
4809
311
4802
5433
770
2902
2955
4966
1520
3195
809
4308
1137
570
3039
5638
3020
1845
5190
5328
5295
3488
4074
4155
2396
3242
5015
3535
5485
4064
325
4294
4374
5126
4078
5495
2380
1032
4461
4251
4578
5621
2558
5714
191
5948
5704
3562
1792
4893
2889
1438
2381
1314
5592
5128
4556
4958
2662
4040
3022
2987
2685
1747
2464
762
1242
5195
2145
54
3445
722
5674
354
788
5864
302
491
3425
2445
5735
665
3883
2467
1979
3826
1594
886
2784
4608
5277
5805
1594
2314
1551
4409
3075
3144
3604
5572
3197
1048
293
2871
1754
1080
3086
2055
1922
511
4499
1657
1527
2733
4475
3857
559
421
5094
3342
5028
4371
3498
973
684
5400
5381
4110
2544
2984
3681
5740
4384
4326
2610
137
5405
5696
2543
1327
558
1393
3335
2084
4126
2161
293
5036
2933
5386
2377
1960
4108
226
2932
5143
5625
2665
3605
2168
5648
1637
1908
4031
5962
4869
4167
5367
4916
709
1045
5473
2102
4731
1909
579
1243
2201
5614
4176
1938
2342
135
46
2567
3419
5188
2543
83
2792
4711
82
4429
970
4113
4390
5838
2631
4108
5106
3692
5504
4578
145
4586
838
1075
5829
3038
688
4004
4976
3381
4490
5373
299
2260
4560
2841
2694
1704
1551
2776
132
2872
1240
4873
3062
4222
3333
2167
1913
2836
744
2409
1422
1934
3483
1602
4971
4522
5605
4298
1902
4446
3670
2552
706
2582
5393
3399
4285
1295
526
4416
4167
1765
3640
1228
5987
972
3746
2251
4160
4841
4660
5933
774
2494
1534
97
1016
1490
4394
3269
5935
2416
5821
992
4997
5565
4391
3281
859
5268
2048
5025
1033
5687
604
1371
1011
4701
3621
5170
3542
2632
5454
4315
5126
987
4763
493
2476
3157
3761
2762
5572
3933
3754
4920
3497
2496
2200
4356
1763
4599
3732
3147
4285
4688
4517
5647
3740
2490
5168
1281
5121
4621
5948
4598
5607
4710
5090
2434
2218
3203
5196
1789
1487
3301
1060
4984
148
3259
3691
1910
1857
1774
5409
494
813
4277
492
4553
766
5660
5833
5887
4280
132
4836
4239
5194
3926
1024
1411
1480
571
3552
2966
3871
4611
1949
4018
1870
5991
280
4078
2117
40
4923
2929
4316
5767
1481
5082
5426
1666
5320
4057
2149
4155
2647
1342
2432
3671
2753
3911
4241
304
877
2464
4914
3177
833
1135
3168
1464
5565
5284
1503
4839
2564
5819
4605
4397
5252
4382
62
4571
2791
2562
3077
5437
3904
5509
3459
656
3419
2052
1311
4295
4867
224
1824
5699
1711
4991
1163
1275
4626
3017
465
1541
3187
5070
5937
2438
3451
350
1360
593
2912
4789
30
815
4297
3840
1822
2067
5891
3132
714
4757
3707
2537
4808
5417
1879
5970
1043
856
3338
1508
2396
525
929
2685
3314
4731
3034
4674
5324
297
3462
5353
1111
2110
3544
3284
4176
3435
415
4889
2543
4122
1777
1350
3890
3655
1671
4933
4510
5009
792
1258
5885
1720
3942
3198
450
975
1871
5773
1272
5684
5477
2734
1793
3021
370
321
455
784
5209
3349
5257
1338
4699
3147
4992
369
2431
3854
5729
3222
5111
5613
4941
3052
2811
5390
4378
4681
5515
1
4717
4991
3087
509
2363
3456
829
3169
4591
390
518
3848
1727
5216
1346
1070
5936
3776
5275
5665
1349
4385
5277
289
1788
2439
30
518
1472
5896
518
188
4887
3956
696
1601
1411
1877
4770
2
2618
5639
4201
4696
4854
5546
117
5141
3673
5392
4805
5021
4128
4434
5661
5916
1224
42
785
2695
5938
1654
2882
5176
5610
3930
776
1020
5806
5897
1373
2775
5535
5573
1470
4740
5470
1586
3881
3494
1329
3037
2866
5457
1822
2526
5724
3046
2920
508
5740
2857
2513
2622
2384
2122
903
3159
3494
1060
3408
5218
3834
2942
4791
5655
2034
4612
1592
5914
2458
2921
3302
5323
2377
5124
2201
2452
2521
5120
2959
2260
2328
5823
5233
4711
1945
487
2221
5790
1546
5628
5007
5379
2922
4149
5385
4955
2761
977
5220
5218
3897
2873
4892
625
1996
1092
3428
4868
563
738
1480
2890
560
1064
1952
2504
1551
4525
2293
3096
4504
1652
2475
1777
5800
2211
731
2912
3187
302
2129
1435
3175
1373
2411
5522
2464
5838
4390
3379
575
5869
620
1135
932
2572
3990
2482
1448
635
5930
5951
2286
2756
1728
2085
4966
2810
4997
2153
3112
1477
3587
638
2849
350
511
5665
187
4900
3043
762
5120
4014
2248
404
937
237
3237
2384
1223
3166
2335
3508
5921
4414
5593
4887
1223
4941
1391
4686
417
4977
5675
3618
5678
186
3282
5865
5085
676
978
4557
5041
3225
5312
5978
3813
2548
2361
5036
66
5047
2543
5986
3460
2487
5224
5035
1427
614
3720
2196
5943
3747
5813
5620
3932
3446
5836
3368
4473
813
1924
3513
4037
1235
3842
2202
4135
555
1589
4200
5601
4131
4537
3413
970
3761
2447
2748
4726
518
4943
5020
4264
5107
4640
2195
2904
4475
5563
1728
5640
1838
5241
4028
3425
3434
229
1559
3988
1817
110
3589
300
4998
1353
1621
3110
3799
4368
1836
4668
3663
855
3284
3121
5846
5478
25
4673
5392
2104
4312
1582
1696
2339
5006
5130
2920
916
3117
4736
1377
1057
5387
374
2409
1007
3484
559
5727
5671
5227
3389
877
2510
861
723
2339
1237
5747
2083
3341
4410
3664
5036
748
3021
4165
4019
4288
1634
2755
16
2690
2493
741
5451
3852
4224
361
3578
4246
5939
1318
5123
2800
2178
197
5139
3415
5943
1573
1107
4352
5588
142
5451
2960
4659
3470
1599
644
576
1614
3685
3068
2354
3135
919
930
3496
4848
5175
3786
165
4297
586
2343
4493
76
109
4787
1648
1567
3138
1587
2060
2941
4546
718
410
144
1361
985
2109
5398
4404
4462
2532
5675
5391
379
4522
4918
4165
4687
3214
4750
1381
2059
5177
1841
845
824
3407
4335
2762
5466
1275
1307
536
1684
1802
2248
3020
3910
1645
1775
2723
4529
1449
2466
4907
5971
1383
3423
4657
4948
2524
389
1006
1700
2229
1851
2875
5987
537
5636
5452
1811
1294
339
3494
3095
2587
865
1356
4583
2639
4079
3111
4088
896
2370
4410
2630
144
3418
1577
2668
3806
2583
4719
386
4785
1946
372
5673
1933
175
1483
3227
514
5328
673
3452
192
2381
2386
3182
811
5849
1621
1706
2218
30
4335
2713
3447
263
5732
1604
3197
4451
1989
2333
748
2360
2005
2680
2535
3487
258
3400
2814
1283
1203
3357
3663
3588
539
4473
3436
2159
530
5
2541
5216
2718
5987
5478
2449
1591
2675
1251
3931
5007
1998
291
1012
5030
3177
4850
5287
928
1664
569
2130
5020
4583
5717
5910
3407
3505
2421
4288
3509
4961
3503
578
4947
3333
3027
889
7
4629
4820
5365
627
5462
728
5656
2990
5578
5294
3917
1593
215
46
612
4797
114
874
2556
3970
3294
843
1479
2254
4346
2056
1552
2030
5434
2793
2388
4063
1612
1752
5041
1425
2832
5048
4766
2409
4341
2682
4001
4907
3079
4964
3704
3544
189
259
1514
3482
1453
3344
87
150
5751
1639
2179
5185
4431
4566
3599
394
670
2639
2170
3501
1686
935
261
378
3968
4613
5285
1046
3928
3340
4941
4117
3950
454
1950
5402
3797
2037
5904
3548
4027
2082
3084
2809
1000
682
3554
1669
3672
5723
5521
5709
1009
5781
86
4976
4393
5722
21
2320
3413
5313
436
1362
5767
2738
1116
3915
4774
1019
1462
2800
3452
4897
5608
4451
5578
3161
119
3249
3235
5991
2957
4243
5771
3395
3218
4515
3468
3590
835
881
2902
1622
2242
3020
4359
3709
935
3484
5079
2748
283
2531
1645
242
981
1574
3754
1452
5175
988
1442
2483
5582
1565
229
2799
79
3697
740
1265
4577
3994
3239
1170
1013
1949
4879
2299
5433
3957
5399
67
487
1395
309
1820
2968
4414
3623
2494
5754
5064
4977
5335
980
5205
2486
1059
3253
3577
2675
1829
1570
5913
2999
2935
1862
2229
5585
1294
537
4983
1360
1376
377
2020
3195
3697
786
1169
542
539
584
5870
225
1564
5427
2710
2622
2679
287
5296
4508
2208
5561
1858
5494
1422
4086
5079
3067
4974
4413
4778
349
5142
1150
3543
3190
1935
4711
3731
2825
5295
3601
3049
1210
3379
5759
4183
57
397
3830
4916
2956
3390
773
2450
4811
5210
1880
2229
4184
292
1007
4532
5433
2156
2427
2974
4090
1489
705
914
1135
4657
4314
2344
2035
4424
526
2091
5172
4356
1359
2128
2097
2131
4929
1260
1693
1160
3488
228
1803
4494
5111
1588
1001
1889
4561
5090
3730
5265
355
4864
3921
5021
1560
307
3444
2437
2398
2616
1144
3756
5095
3241
238
4023
4500
2282
5534
1987
2861
1336
833
1972
2923
1833
4212
1484
1275
1941
1100
1981
1157
5021
1001
2716
5327
4445
5152
2076
1412
648
183
506
3888
421
4880
2739
3054
4413
5077
5915
5748
5909
2238
2671
2094
449
4506
3368
2390
5605
5700
3546
4625
701
613
4304
5497
116
731
908
763
914
1765
5002
1686
644
1740
4739
5056
817
4653
4803
1077
1242
1825
3170
1691
330
889
4432
5935
589
1977
4911
1641
2941
3214
1137
3056
3945
2396
3819
5210
4160
2820
895
4803
4912
5985
4210
5728
4990
3012
804
231
4837
4326
1921
5518
5214
352
5452
5802
2680
4363
1442
5620
1928
2930
3028
224
5677
846
5433
3836
4017
679
2990
2928
664
1199
3007
5653
4563
3811
5883
3751
2136
2156
3268
1701
2507
3072
1503
5539
1786
3296
5510
3713
578
2537
3937
254
3734
3721
4090
2103
4400
1431
5382
5063
2982
2389
5067
1896
551
4949
5646
2686
1104
3265
4386
3963
336
240
3853
2121
3888
3362
186
4465
251
4474
4718
3984
2546
3159
438
945
4942
5820
359
1923
2208
5777
3818
2758
4726
3815
5795
181
1079
4532
4495
1767
5124
2347
4239
3011
61
4776
1475
311
3249
544
4646
5795
3703
5084
1091
2644
4903
1802
4918
1110
1578
2735
4219
655
901
4013
836
2331
2896
5682
4097
2019
2029
2688
5029
2441
1463
855
2751
5064
1399
1748
5210
5453
831
300
2096
85
2453
1365
1546
4031
4451
5764
4685
5351
4128
5520
1681
1024
5554
130
3394
1582
3169
2423
4374
4983
3629
1124
4046
5027
3223
3607
4831
4054
4259
926
4138
711
2642
5684
4741
1092
5799
3426
442
3927
3297
2123
5302
2850
2604
2695
4783
5772
5469
3156
4754
3098
4631
3152
2476
1854
1110
1307
259
5368
2584
4748
79
5226
4431
4819
317
4582
2596
1111
2508
5893
3585
2161
3094
188
4855
2229
311
4324
5736
5416
1773
4367
2919
4600
572
4029
5906
830
3396
2842
5577
3826
2419
4360
2645
3087
2941
5592
4197
5800
5836
2133
1960
2930
2320
814
5510
2982
5489
5245
2750
1613
3611
5668
213
4182
4048
118
5363
1796
3311
4940
5621
5729
3299
2617
2816
239
2209
1364
38
2044
3497
2349
5325
168
3514
4834
3502
3003
4079
251
4615
2041
270
5179
575
4318
5649
5937
113
2959
4876
85
3040
2174
2702
207
2764
4910
1922
3153
953
5418
5501
630
5938
3015
5463
3439
369
3893
4041
5335
5934
4310
4514
508
2627
4514
444
3091
1472
5672
3176
4863
2197
5877
5069
4961
5138
991
2465
442
760
1966
1071
697
5332
534
4487
52
4778
2527
5738
4711
837
4251
5570
3815
3116
14
906
4588
37
4081
3802
2233
4309
2871
1193
3446
4213
3658
4239
4972
5975
5310
21
5658
195
4507
5709
4972
1386
5446
4035
2222
4049
3604
36
1164
3969
1293
103
4005
5725
3905
238
4033
1127
1782
1830
5339
5439
69
4662
5765
5730
5034
5422
5924
3893
5482
5247
5278
5280
3281
1851
3328
1237
2238
4843
5205
3531
5298
3210
3607
3202
3799
1640
4680
5580
3821
4370
5371
4241
3383
5135
3970
2417
4909
4245
309
4390
3844
5938
3669
1124
1788
1348
2360
4377
191
1917
2259
5488
5126
5866
3041
2924
1857
1720
2855
5677
441
2225
4270
3823
1360
2239
239
268
836
899
5009
4679
836
2678
154
2975
4025
2866
1704
4215
4782
3962
4054
4259
3827
1446
1534
35
3517
4388
64
3957
613
4333
1780
2324
923
2370
2591
1758
3269
1599
788
4456
4628
942
1783
2653
4159
3486
1219
2940
1447
5625
1198
5626
1070
3083
5660
4587
1470
75
2543
2082
4407
4674
4405
5330
1044
1347
1439
4664
3298
2227
3471
1925
3520
5253
4577
1678
2738
148
4617
4537
5772
166
4514
841
3248
4525
5779
5069
4600
2322
1151
3006
1347
5907
2335
2742
1606
4126
1405
4903
352
5228
827
4223
4480
5756
5900
1570
5903
4868
106
5674
5385
4619
866
2984
3143
645
2052
1742
3318
3554
5100
4664
3461
1786
1406
5418
5911
3162
4320
614
2389
5146
4836
869
4901
4735
2438
4803
3954
2895
4828
3338
1513
5694
321
5007
690
2725
1101
4007
278
200
2670
4090
2337
4427
3507
2248
1589
1826
3213
3977
1324
2049
5197
224
1135
1986
5379
5089
4880
4558
2778
744
4251
3451
5751
5292
175
1203
3298
452
1754
5968
4542
4090
4394
2048
689
334
4226
3902
4311
5549
5950
3859
5772
1436
5845
5502
524
4724
4060
3654
5820
2662
1104
5922
1954
1278
1124
5603
1729
3229
5570
622
1670
4316
3022
2359
4649
1247
612
3311
795
913
1522
918
2348
1366
420
3224
441
4831
877
612
1844
1980
533
4149
3609
2008
3752
5689
5236
3673
311
906
1988
3332
3616
989
4578
4227
4651
5724
5139
172
641
1486
1889
1412
4709
2682
242
5937
3293
2086
2268
3826
586
5876
5833
4337
5565
5421
2010
227
326
4349
3558
3941
5689
2487
2519
4340
2210
1657
4863
2850
3494
1104
4262
2203
3785
4855
2491
1429
1292
4759
5254
1878
4634
5439
214
4550
5211
2575
4776
5536
924
2685
3828
964
5171
346
5655
1732
2354
4518
4582
5847
5973
3195
2401
4109
2049
4892
5537
3693
4002
5143
5570
2635
4581
135
1185
3791
2710
312
3678
3985
2997
1857
4948
2167
2554
4955
3899
4907
3472
2832
5105
3796
26
1506
1904
2426
749
1440
118
4750
582
39
1384
5514
174
2920
3304
3235
3584
1333
1571
580
3541
870
3098
94
5824
996
5352
3647
4179
4457
1442
4556
5962
3345
1334
1062
5137
1451
5811
5718
1842
1546
5232
2367
4818
2887
5601
2401
4572
1523
2980
2112
2392
77
2558
2568
1425
1909
214
5603
365
2008
4159
678
5704
5492
1739
4840
1294
1901
4558
3487
3447
4141
5853
2264
1027
5805
4664
5950
1327
1995
2062
4071
2071
4619
990
3847
879
1203
3450
1596
3562
1960
2273
3266
1803
4364
2105
3096
264
1014
935
4062
5154
787
325
533
592
5340
482
2270
1334
2543
692
3757
1513
1681
1603
2744
3236
5404
4339
797
1363
963
4062
3165
5326
519
613
5942
1532
1547
4003
686
2685
4680
1570
3276
4019
2051
5898
5705
4946
589
3813
810
2270
5415
3553
5857
5171
1891
653
533
2854
5067
4050
2179
5937
5014
2472
1468
912
475
2505
3596
5154
4074
1224
3524
125
1121
3580
5422
1709
1392
231
4330
1159
3784
4538
329
5674
5191
1213
2879
4609
5614
5410
4545
4627
1881
364
5538
2707
3221
3486
2212
1294
4709
5736
1770
5829
3315
1191
1889
5059
1774
571
217
5557
5108
897
5582
4650
2109
2461
3610
1723
1870
2154
701
3750
2870
591
457
90
4076
2668
1735
3136
2755
3857
2964
422
5399
5204
5480
1172
126
48
728
5234
944
662
4235
3052
3122
1845
5126
4991
4350
179
3092
1571
769
3548
1660
5196
568
3747
2331
3322
1603
5646
4095
1001
5201
3926
2525
5327
3973
3252
4912
4916
3913
3146
2320
1386
5342
1445
376
3692
1975
3468
5262
2743
1367
1274
2290
2286
5372
4972
5608
974
4617
4054
2326
3818
1980
4850
3496
5952
2454
2407
5220
366
5552
1539
2104
4894
3335
2479
2937
5310
298
2550
2052
1665
4175
4694
3950
3546
3665
3909
4519
2634
2315
1197
803
4294
46
4298
4597
2499
704
3816
3217
607
5354
5320
5852
2689
2150
2788
1998
2448
5690
4401
4464
3864
3446
2765
1410
1111
1026
280
4096
3340
1476
4898
1985
1522
3547
581
4020
4250
4749
1588
5208
4102
907
5060
1142
3409
1847
3491
5856
1536
2244
4671
5752
41
1435
1161
1503
2812
1440
5598
503
2916
4847
2487
4789
2393
3420
3160
642
2168
4748
5850
621
6
5261
2115
3414
1107
5957
3621
2995
2200
2291
3098
2241
4078
4258
3743
1241
49
3693
1744
2964
2539
4230
2104
4932
1649
5264
5925
4168
4011
126
4789
4368
5386
1255
1782
845
1211
5754
4191
3763
2397
1288
355
826
5897
4097
2066
5945
2141
3809
3261
4680
2039
5364
3963
4039
4627
3887
2207
2989
4365
1347
1357
3750
2601
3490
4946
3811
3243
3136
1573
5991
4775
2279
816
4671
376
2882
4616
2868
690
1876
1547
3080
1239
5861
1119
218
3748
3677
3206
2464
5023
4562
213
1975
2051
5159
137
5646
2646
2062
5636
1421
4340
804
91
5067
3685
4706
1935
4374
933
3833
1454
2524
3694
2924
2741
1793
600
5946
4256
5974
4860
4820
1948
1262
4330
2084
1259
976
4145
1247
2748
2485
2050
2838
1551
5734
1896
3837
4459
3180
1670
264
5703
5363
3187
2795
1507
4138
3093
114
4111
1952
4933
410
3565
3615
2494
4824
4590
990
422
1689
3474
2471
4878
5377
2556
1125
3213
1014
4305
5234
1278
4359
4948
4816
1506
454
3306
4598
567
1416
901
5852
1826
4817
3466
4671
3992
2407
5660
4413
4095
3486
883
3324
3214
3438
4449
778
4804
3105
12
433
1463
4959
5248
3320
5413
2553
1917
331
4321
3169
182
498
1986
3647
5168
5977
405
5179
4390
4499
3016
5624
1823
229
3062
623
1359
1865
3727
1370
2297
5541
328
1896
2861
92
4801
5129
775
3121
2298
956
3970
4283
4955
3489
4259
5359
2667
3000
4210
35
2624
384
615
37
1358
1973
1901
5084
3694
4549
4624
4374
796
1836
4465
5596
965
5591
3068
3262
547
1037
1896
5853
4877
506
5563
1544
3506
4124
1930
129
4859
2544
165
216
4517
2417
5299
2210
1317
4275
935
2112
462
5400
2060
1426
4990
5127
5039
5888
516
934
92
5392
1440
5655
1287
4945
4130
3216
5425
2989
5760
5941
3556
4628
2357
2855
1189
4025
1481
2124
136
2294
1875
2195
3720
1216
1674
2758
1456
2189
4044
1547
1932
5483
1553
3219
4779
5683
786
4203
3023
897
4143
578
5524
851
3784
1065
4875
5616
3540
5362
1910
5766
1557
5629
981
3230
2738
2436
5770
781
4335
1701
615
5887
5271
5393
5921
57
3595
2943
953
2089
3521
829
3291
1656
1893
2517
1272
5784
1879
3181
5549
3787
3161
529
1368
250
3317
1137
1031
1651
3189
1645
1537
2460
1390
1458
2516
5336
4752
3468
1425
2272
4648
5067
4280
540
1584
5551
323
3814
3083
223
1952
243
752
3319
492
4068
4455
1874
70
1995
3871
1606
4454
5260
3415
1321
4947
2167
5141
371
4790
3788
5790
3069
4328
1725
2971
5002
5890
53
5225
1841
647
328
5159
1491
4747
3965
3364
4816
5959
1586
773
4413
1197
4188
85
144
706
5225
866
5495
3013
1007
2916
1692
2731
5886
693
2620
5939
269
4460
937
948
3970
2427
5694
1934
143
4861
1893
2080
5634
657
3277
4173
741
3772
4878
5966
4989
4724
3330
5996
1639
5021
3078
1525
65
50
1815
686
4509
2751
1633
2479
5530
1679
4764
5672
539
656
1751
172
1664
5379
4344
2757
3502
3573
2722
2843
2297
403
3190
3935
5423
267
5811
5487
316
1625
172
5177
4728
2157
2007
4609
3835
770
4280
4373
1778
382
4545
3441
113
3240
197
3966
813
3270
808
3109
3672
3997
1395
3446
4264
1206
2933
4931
3182
3456
4459
2261
5612
465
869
3798
1587
5500
2171
3364
234
1067
1156
698
4658
1705
4663
5470
5326
5823
2930
3350
3819
4677
795
2434
5882
4079
1717
3415
1887
175
28
1850
992
896
5648
2578
748
1818
293
1333
3236
1800
2030
1893
3856
1044
1363
3534
866
4644
883
5037
3672
2029
1470
3905
460
3186
1320
2346
3713
1347
4195
4704
2594
3842
1633
3693
11
1925
5377
3246
4076
1406
5139
1932
2802
853
5465
3667
5848
699
2703
3520
2727
4525
1424
3186
1710
3095
5883
5774
4793
4078
4477
1739
2271
109
5431
2634
2385
4808
231
461
565
5369
2744
3366
573
2560
1385
773
3258
4439
4292
336
2963
67
3522
5025
3162
3756
4798
2306
1833
3627
4044
4456
4087
3827
1089
472
2634
1671
1284
3550
1040
4379
1268
1964
938
2652
2736
4547
1442
1379
4882
4405
1446
2755
3781
4959
511
2578
1264
2695
556
5308
1502
4643
3134
2942
5114
119
4613
749
4020
4
5479
5287
1967
416
2290
5055
5314
3732
433
4195
2136
1878
1302
5916
1188
2164
2845
2804
4858
3401
2111
712
2043
5596
3653
1508
66
2265
2608
4085
2268
2086
3724
4587
2853
13
3641
2166
3744
4073
712
231
303
2013
498
1490
4528
3695
4293
3738
1447
755
4449
3841
702
2101
5348
1119
4718
2307
5556
985
4392
3279
5571
1244
3291
3211
3409
1387
1636
4472
1969
1938
837
2819
3779
5364
513
2072
3101
2311
3178
1901
151
4232
4354
5498
5350
3071
2156
4905
4055
547
2183
3978
2142
5826
1540
5550
1564
3527
4373
3532
5464
5209
702
3595
4573
1566
5666
2025
3876
3195
3926
4026
1426
2279
3875
1128
5701
30
32
3755
576
2567
2084
2717
2392
3976
2618
4307
1502
991
2190
1318
199
2892
4912
5123
4457
4929
1500
2333
2123
5425
710
3901
2055
4585
5028
1755
4614
5411
5861
5542
1977
2297
2610
4720
272
5228
3026
2125
570
5216
3442
1120
2107
2353
595
915
1281
2094
3599
3756
1870
4309
1656
4276
2893
1035
30
1858
445
242
1399
2422
2890
4009
1141
3161
3588
4519
5638
4157
3734
3079
5628
192
5432
222
1458
1064
2315
5057
4819
4536
3365
826
2811
257
2212
3192
2114
2657
3434
3865
5430
675
1873
922
3836
5812
5440
3825
3968
3525
903
3947
4068
686
4169
5526
1750
835
4582
920
5371
1946
2098
2181
2554
4309
5373
5019
965
3158
3235
394
3832
5107
1316
2019
4918
1107
5843
3237
4632
746
1184
2699
1783
5704
2224
3532
538
1157
4804
260
3454
901
2441
359
5209
2165
5378
174
5322
2612
919
3505
2071
2586
5524
1340
4045
5718
4929
2676
815
464
5726
2598
167
2302
129
1056
3810
5284
1316
1264
184
3756
1622
5393
5920
999
5918
5593
3963
836
3097
385
3774
2972
1724
1818
2690
1004
4845
3504
1467
4570
101
1633
1223
582
3041
5033
5865
4356
296
401
2463
2269
5793
2734
3620
62
2678
1582
897
5774
2318
5022
3098
4041
839
139
5045
35
3642
863
4957
4095
2848
179
5028
5888
5563
4892
4595
210
5292
1057
2479
5436
4142
98
5497
819
2031
746
944
4348
119
4393
2740
1310
4531
2136
1344
2173
2999
300
619
5846
831
5646
5733
745
4889
4679
955
4533
5735
3433
3968
4228
3882
3817
5046
5912
4562
341
4611
5032
4734
1350
341
3264
3486
1685
5788
484
2336
406
329
3518
403
413
4263
5292
5091
5217
3824
5177
3001
2143
3404
882
5959
2801
1145
4872
3493
5755
3904
2578
1104
4244
5842
4589
280
5981
5424
2616
739
104
133
1141
516
4395
784
5958
3963
4607
5134
963
750
2889
2196
1060
41
3692
284
3534
3446
4187
111
4902
2782
304
3842
3062
637
3266
29
1375
3369
513
2867
4237
5260
3651
4546
3222
2609
3680
4537
3710
920
1084
4770
961
4776
5053
4846
2573
3591
4956
1474
372
5612
5316
3785
248
2933
4165
1974
653
4678
4840
4889
3937
2490
3435
1510
5451
1466
398
3160
2737
1482
2281
3697
257
1685
2894
2829
5627
1850
4655
5999
1813
3970
4135
2060
1254
2300
4033
1906
1329
3224
1147
5617
66
4581
1126
5516
398
1524
3027
3134
3357
5308
1183
3965
1344
4076
1145
971
277
5799
1321
2089
4120
5807
4500
5373
2458
2884
1279
3786
108
2425
3754
173
1357
4880
40
1754
755
3066
5239
4463
2725
421
2427
4421
4497
3571
5391
4773
3370
1063
1214
1841
869
5713
1214
3327
2949
2492
1464
3056
5268
5218
3580
624
4449
3971
2729
5203
1388
2319
4017
4113
2740
443
2885
1588
4365
2275
712
2086
3337
1925
3927
4557
1990
5140
1883
4938
1983
3347
2345
1250
2564
276
2225
1012
4246
5305
566
5633
1623
4934
4097
4714
5376
981
301
3740
3607
1365
178
1295
3641
4104
5852
5982
3243
2086
4919
5225
5432
1615
826
2347
1890
3402
3710
487
2706
4627
120
4680
3560
4568
3394
3287
5549
4046
1379
3507
5762
1556
4802
3403
5659
4653
3384
3253
738
2655
2829
522
4621
3654
3220
863
1407
1282
1349
4112
5908
1820
3143
3820
388
536
1106
288
4934
2484
3794
4695
4391
2595
2449
4049
1599
5833
1301
2337
2839
4129
3210
1459
2134
781
2321
3540
2062
3670
2003
1970
5489
5146
5789
228
33
1246
515
5318
4082
4309
4013
2472
1255
461
873
2854
645
2173
5542
3483
654
2751
4942
3139
3531
1614
1031
5593
5283
3033
1914
5124
2530
2054
5703
2563
3651
218
1880
1732
4878
244
4204
132
1057
5076
2985
2053
1600
2526
5888
2605
5628
5181
96
3511
794
1126
3455
429
4510
5368
5552
1040
1773
5254
3954
5423
5823
185
1155
4700
781
5710
4832
1837
5137
2168
4241
736
4694
4128
3693
4673
3308
3788
2183
4102
5265
5637
4530
3774
5356
4433
5165
1128
4038
3470
551
3861
3655
2057
2912
4435
1766
1743
623
1254
3911
4863
1989
2956
3343
33
1628
650
4172
4163
4751
3436
3799
3632
1562
3155
2064
1078
4634
454
4548
5536
4314
2554
1944
1225
1340
4061
3320
1962
5314
1582
1176
1303
4889
4518
1687
868
5168
5859
5030
4270
3646
3181
1902
5207
687
4317
285
5320
4770
5184
5208
3435
1737
1151
5012
3076
5212
2331
5389
4525
4264
564
179
3152
5434
1866
4019
4953
1724
3401
3222
5721
581
5475
4928
1267
3792
5564
586
2913
4747
145
348
835
1296
5359
3910
507
2041
3298
5031
656
4213
5562
3807
3646
1427
2177
2950
3502
5929
172
3222
509
5998
2501
1775
4141
2064
2713
1054
1162
2857
1753
1996
4152
1463
5905
5010
3503
3554
4393
4158
1767
3954
2316
5764
5732
4844
2714
3233
4773
3237
806
5281
3586
3307
1408
1727
5370
4120
3132
884
976
4884
2879
5480
346
3136
4489
4200
689
3233
2357
2807
1186
5024
2571
917
3867
5636
4501
2639
3224
5307
2272
1161
2613
3679
2887
2334
2150
370
3217
3477
5253
448
2956
5950
3583
1797
4149
4271
5029
857
1430
567
5880
4352
1835
4099
3987
336
1089
1562
5642
3360
2722
2606
1390
5961
4939
3539
330
2508
1016
5935
2955
4323
5884
889
471
4033
5511
5852
5241
940
418
5121
5291
2604
3571
3629
2939
4659
5190
2932
2371
2264
5537
3760
2224
4828
1651
2905
1687
3018

