200 197.50
0 0
14 41
21 39
24 38
73 16
74 16
91 48
94 62
100 100

400 376.32
0 0
2 1
5 40
5 42
9 43
9 45
10 43
11 40
14 41
21 39
24 38
25 29
29 14
30 13
31 65
33 40
36 37
53 53
55 56
58 62
63 67
64 68
67 65
68 53
72 26
73 10
73 11
73 16
74 16
80 17
91 48
94 62
100 100

600 589.20
0 0
2 1
2 43
5 40
5 42
9 32
9 35
9 43
9 45
10 43
11 40
11 77
13 70
14 41
18 21
19 24
21 39
24 38
25 29
29 14
30 10
30 13
30 77
30 79
31 65
33 40
36 37
37 30
40 17
46 11
49 19
51 28
53 32
53 53
55 56
58 62
63 67
64 68
67 65
68 53
72 26
73 10
73 11
73 16
74 16
80 17
89 21
91 48
94 62
100 100

800 778.92
0 0
2 1
2 43
5 40
5 42
9 32
9 35
9 43
9 45
10 43
11 40
11 77
11 89
11 93
13 70
14 41
18 21
19 24
21 39
24 38
25 29
29 14
30 10
30 13
30 77
30 79
31 65
33 40
36 37
37 30
40 17
46 11
49 19
51 28
53 32
53 53
55 56
58 62
63 67
64 68
67 65
68 53
72 26
73 10
73 11
73 16
74 16
80 17
89 21
90 6
90 55
91 48
94 62
97 76
99 19
100 100

1000 972.23
0 0
2 1
2 43
5 40
5 42
6 60
6 70
7 49
8 56
9 32
9 35
9 43
9 45
10 43
11 40
11 77
11 89
11 93
18 21
19 24
21 39
24 38
25 29
29 14
30 10
30 13
30 77
30 79
31 65
33 27
33 40
34 32
36 37
37 30
49 19
51 28
53 32
53 53
55 56
56 30
58 62
60 53
63 67
64 68
67 65
68 53
72 26
73 10
73 11
73 16
74 10
74 16
74 25
75 40
80 8
80 17
82 69
89 12
89 21
90 55
91 48
94 62
97 76
100 100

1500 1454.07
0 0
2 1
2 43
5 40
5 42
6 21
6 60
6 70
7 20
7 49
8 56
8 78
9 32
9 35
9 43
9 45
10 43
11 16
11 40
11 77
11 89
11 93
14 17
14 41
18 21
19 24
21 39
22 11
24 38
25 29
29 14
30 10
30 13
30 77
30 79
31 65
33 27
33 40
34 13
34 32
36 37
37 30
49 19
51 28
52 9
53 32
53 53
55 56
56 15
56 30
58 62
60 53
60 72
63 67
64 68
67 65
68 53
72 26
73 10
73 11
73 16
74 10
74 16
74 25
75 40
78 13
78 32
80 8
80 17
82 69
86 87
89 12
89 21
90 55
91 48
94 62
97 76
100 100

