100
0 0
36 37
6 21
52 9
34 77
18 21
21 39
90 55
67 23
47 64
91 48
11 16
74 78
73 10
56 30
19 24
60 53
30 10
14 41
22 11
89 12
8 78
25 29
6 60
44 96
2 43
89 69
20 76
10 43
31 65
46 11
11 93
99 19
33 27
30 79
7 49
30 77
5 40
51 28
76 4
63 67
9 43
9 45
77 61
90 6
53 32
11 77
82 69
34 13
30 13
74 10
2 1
5 42
67 65
60 72
53 53
73 11
71 63
78 13
29 14
69 10
56 15
40 17
7 20
78 32
34 32
61 22
74 25
11 89
13 70
55 56
49 19
89 21
80 8
73 91
6 70
8 56
9 32
80 17
94 62
68 98
14 17
72 26
11 40
12 8
64 68
33 40
65 98
75 40
58 62
74 16
24 38
73 16
97 76
86 87
9 35
37 68
37 30
68 53
100 100
