100
0 0
60 27
34 92
30 23
45 37
42 9
36 64
56 18
74 5
43 72
43 35
13 66
3 39
29 63
32 3
65 91
95 80
93 74
46 81
24 38
76 62
76 57
74 53
74 28
11 25
68 45
46 23
22 80
10 98
82 3
18 54
17 9
66 80
89 98
52 7
70 94
16 2
95 68
54 78
68 53
4 88
81 90
75 62
12 14
52 22
33 19
55 5
40 11
42 62
18 94
26 36
3 41
92 98
65 94
93 67
17 98
92 76
79 34
58 66
44 25
26 30
75 68
23 53
7 41
76 60
67 75
71 58
64 55
42 58
39 51
81 9
32 72
81 99
79 36
85 97
51 35
63 88
95 46
44 41
6 22
86 13
63 31
36 72
99 78
23 69
65 1
60 84
39 92
15 77
3 5
42 38
19 70
72 73
37 23
84 27
73 67
57 48
18 62
95 24
100 100
