100
0 0
18 81
83 2
76 9
93 97
11 65
19 23
10 40
49 13
20 27
89 26
10 33
5 16
56 35
77 13
31 88
18 10
34 93
21 40
51 5
90 34
63 73
11 79
39 54
6 68
50 89
43 6
99 31
81 5
49 20
89 72
14 72
39 87
92 58
91 7
71 92
62 80
34 29
93 54
13 98
73 71
65 84
83 43
40 47
75 56
83 27
32 75
55 50
97 65
55 31
33 14
62 48
36 36
75 79
41 78
49 67
69 14
97 3
33 56
83 30
74 94
95 98
4 29
36 80
66 89
28 60
23 88
71 94
62 55
59 73
66 58
5 3
35 45
45 64
24 52
71 37
85 93
28 83
73 85
14 37
83 59
14 87
59 93
37 67
80 21
50 65
49 8
87 41
35 67
45 93
96 81
5 48
97 75
19 42
67 97
59 98
67 86
36 39
62 46
100 100
